100
0 0
104 473
114 351
116 345
120 714
130 393
133 274
137 343
140 84
141 685
145 191
152 945
160 106
169 298
173 770
176 43
179 778
189 972
199 532
209 752
216 358
225 219
231 551
236 919
242 916
247 491
255 13
262 86
272 946
279 114
289 59
290 821
298 379
304 319
306 815
310 509
314 921
323 510
326 994
327 460
328 34
330 370
340 739
349 519
356 545
362 755
367 847
376 793
383 74
386 137
396 536
404 414
414 727
420 282
425 355
428 984
430 45
437 141
442 515
445 822
446 349
456 16
464 858
474 423
477 274
481 173
484 912
492 971
494 512
500 65
510 347
513 961
518 108
523 529
527 466
531 35
537 633
539 12
543 213
552 127
562 701
563 1
567 887
572 604
575 930
578 323
588 424
593 374
596 738
602 156
609 310
613 372
617 595
624 138
625 524
631 999
637 917
638 190
646 676
654 -1
