1000
0 0
36 577
45 156
50 218
52 259
59 240
68 796
74 743
75 949
82 138
90 396
100 423
108 209
118 673
128 980
134 446
138 53
144 793
146 39
148 192
149 358
152 461
159 479
164 388
165 282
172 797
174 826
176 880
184 462
190 258
193 570
198 918
204 431
206 536
209 723
219 473
221 513
226 939
230 490
238 125
242 853
246 156
248 496
255 770
256 941
257 105
261 436
265 190
273 734
280 690
288 455
292 890
294 449
304 314
314 156
316 64
319 66
322 745
325 960
334 225
338 248
339 468
345 705
354 552
364 385
369 249
372 109
382 513
391 321
401 850
409 971
416 191
424 191
434 952
436 157
444 405
450 859
454 442
459 532
467 355
475 941
480 461
484 744
490 961
498 154
502 894
508 782
517 163
521 727
529 124
534 644
536 641
542 755
549 419
559 135
564 908
573 731
583 831
589 344
595 244
605 660
606 624
609 928
619 415
627 958
630 243
633 773
641 809
642 673
651 519
660 355
668 236
675 149
676 913
680 565
688 992
694 647
704 20
713 460
721 935
731 679
741 373
747 416
751 685
753 763
761 249
762 336
770 908
776 609
778 979
783 330
787 752
788 644
791 258
797 559
801 876
803 724
805 396
806 784
810 581
811 990
814 370
824 372
834 164
836 452
840 508
846 819
847 465
851 384
857 920
863 268
872 886
878 750
883 837
890 420
892 786
893 953
903 441
911 788
918 659
921 101
931 727
932 131
935 736
943 267
952 162
961 157
963 585
973 35
976 145
982 193
987 218
997 793
1007 176
1011 265
1019 525
1029 58
1035 991
1045 149
1053 56
1063 88
1073 9
1081 620
1086 856
1094 16
1098 815
1101 637
1105 61
1106 44
1116 363
1119 129
1121 381
1129 846
1134 377
1140 804
1144 116
1147 4
1153 489
1160 719
1168 336
1177 50
1179 2
1188 536
1194 470
1197 4
1202 594
1206 427
1214 321
1218 52
1219 620
1226 835
1234 100
1237 862
1239 520
1244 638
1251 374
1260 359
1267 728
1273 791
1283 180
1291 385
1296 633
1301 454
1308 437
1317 356
1327 66
1331 498
1338 735
1340 107
1347 647
1353 112
1355 785
1360 749
1367 719
1368 417
1378 39
1383 26
1386 318
1389 978
1397 690
1404 516
1411 230
1417 274
1423 728
1425 573
1431 478
1438 748
1444 510
1452 481
1454 389
1455 833
1456 404
1458 453
1461 43
1465 181
1471 470
1480 193
1481 713
1491 17
1495 200
1497 520
1498 629
1507 997
1509 117
1511 424
1520 81
1528 638
1537 820
1539 912
1545 875
1550 300
1556 792
1562 397
1570 664
1575 650
1582 357
1583 598
1590 790
1597 477
1605 427
1608 765
1609 511
1613 698
1616 847
1618 547
1623 57
1624 419
1634 397
1643 58
1646 934
1647 630
1650 582
1660 278
1663 177
1672 631
1677 10
1686 816
1688 503
1694 205
1695 478
1701 776
1707 657
1715 736
1720 715
1727 468
1728 206
1738 294
1739 680
1742 864
1752 680
1758 813
1761 595
1763 916
1772 496
1776 801
1783 578
1791 861
1797 125
1807 290
1810 95
1811 194
1813 209
1822 793
1824 61
1832 450
1836 152
1842 488
1852 597
1857 550
1863 877
1867 772
1876 632
1882 43
1892 935
1898 302
1899 796
1906 684
1914 337
1922 599
1931 135
1933 843
1943 17
1945 91
1952 87
1954 411
1962 696
1968 125
1977 521
1986 438
1993 206
1996 838
1999 940
2004 359
2012 704
2021 27
2023 712
2025 182
2035 554
2039 47
2044 266
2045 311
2048 346
2055 643
2063 956
2065 675
2068 525
2074 516
2080 740
2087 743
2094 186
2095 987
2104 993
2114 979
2123 795
2132 894
2134 189
2140 376
2146 993
2156 754
2158 452
2168 816
2176 294
2179 442
2186 560
2192 182
2200 308
2202 997
2204 691
2214 201
2221 707
2227 899
2234 652
2240 431
2248 646
2254 299
2263 966
2271 75
2275 151
2276 351
2279 407
2284 811
2290 55
2291 17
2300 489
2309 936
2317 666
2324 445
2333 463
2341 316
2342 414
2350 560
2354 786
2363 346
2371 858
2379 1
2387 583
2392 333
2394 325
2395 89
2400 920
2409 363
2416 566
2418 257
2428 390
2434 491
2439 892
2444 537
2453 392
2459 967
2462 933
2472 219
2481 133
2486 859
2487 606
2489 977
2497 31
2498 465
2506 853
2511 978
2515 999
2516 48
2518 226
2526 921
2535 525
2537 572
2538 210
2542 678
2548 48
2549 858
2556 191
2562 533
2565 527
2567 819
2569 425
2579 624
2585 619
2590 668
2596 314
2599 815
2609 183
2619 649
2625 235
2635 792
2639 569
2640 289
2641 485
2647 334
2651 878
2657 746
2663 655
2664 432
2671 747
2673 824
2675 395
2677 252
2686 83
2690 323
2699 932
2705 601
2708 118
2711 614
2715 769
2717 968
2727 806
2732 655
2736 437
2746 792
2751 540
2758 597
2766 959
2776 865
2779 102
2780 360
2787 8
2791 888
2798 908
2804 729
2812 156
2813 29
2818 764
2823 480
2825 123
2828 737
2835 240
2840 303
2850 535
2852 594
2862 61
2867 376
2877 620
2882 195
2891 119
2899 557
2907 327
2914 942
2918 270
2921 997
2928 46
2933 114
2940 421
2950 837
2957 290
2961 946
2966 738
2969 125
2978 938
2980 238
2981 950
2987 37
2995 382
2997 72
3002 105
3012 750
3016 804
3023 141
3029 986
3039 533
3048 762
3058 332
3061 153
3070 562
3073 131
3074 854
3076 948
3078 710
3079 575
3082 334
3085 852
3093 536
3102 5
3110 585
3112 8
3121 620
3125 598
3130 975
3134 762
3135 195
3141 42
3151 678
3152 293
3161 672
3162 523
3172 252
3180 148
3181 87
3185 818
3188 145
3197 790
3205 301
3206 421
3216 844
3223 519
3233 781
3237 441
3238 904
3245 200
3254 658
3260 287
3261 802
3269 403
3271 941
3273 913
3282 751
3287 555
3291 444
3300 682
3309 864
3311 680
3318 114
3322 458
3323 559
3332 651
3340 734
3341 479
3350 78
3355 130
3365 807
3369 809
3379 99
3386 612
3391 44
3396 184
3398 847
3405 907
3409 689
3417 36
3418 375
3426 169
3428 977
3438 350
3446 883
3449 778
3453 227
3461 602
3469 303
3474 223
3475 508
3483 961
3491 624
3492 20
3498 937
3507 266
3510 95
3516 126
3522 436
3529 832
3532 660
3536 715
3544 550
3552 566
3559 531
3569 258
3571 549
3581 450
3587 791
3590 190
3599 231
3608 392
3615 244
3624 103
3625 346
3634 704
3641 251
3651 246
3655 88
3658 711
3660 602
3662 362
3666 540
3671 28
3675 987
3676 411
3685 379
3692 896
3696 26
3699 655
3703 640
3706 731
3710 131
3718 748
3719 142
3722 543
3729 133
3736 599
3743 422
3753 709
3763 549
3767 627
3768 629
3775 255
3781 228
3783 380
3792 975
3797 463
3806 793
3808 30
3814 23
3819 383
3829 480
3832 535
3835 313
3840 664
3844 69
3848 143
3857 519
3867 706
3875 662
3884 967
3894 902
3895 447
3902 994
3911 983
3921 52
3929 878
3932 701
3936 786
3942 10
3945 878
3955 446
3959 130
3965 124
3974 65
3983 626
3988 127
3990 167
3996 929
3998 53
4001 882
4007 279
4011 989
4013 878
4021 996
4030 930
4037 320
4046 951
4049 45
4058 990
4059 918
4068 495
4075 849
4080 973
4089 175
4096 43
4106 483
4109 522
4114 655
4116 951
4120 641
4124 581
4128 313
4134 115
4144 313
4152 821
4154 426
4163 629
4171 682
4174 758
4184 980
4186 619
4190 475
4194 639
4196 894
4198 486
4207 176
4216 553
4217 953
4227 849
4236 478
4239 849
4244 691
4254 884
4258 433
4261 583
4266 443
4269 229
4278 695
4288 401
4291 812
4300 182
4309 308
4315 830
4319 756
4321 231
4327 54
4328 491
4334 911
4340 118
4346 369
4348 111
4351 255
4352 83
4356 209
4361 597
4363 724
4373 362
4378 866
4381 997
4385 576
4394 210
4395 661
4399 375
4404 781
4410 269
4411 899
4412 963
4419 73
4428 809
4431 234
4438 656
4448 537
4457 695
4462 562
4466 379
4467 273
4469 120
4474 994
4482 859
4488 45
4489 926
4494 213
4496 450
4503 639
4506 920
4510 18
4517 184
4524 946
4525 312
4527 925
4529 351
4538 984
4543 485
4552 23
4557 106
4566 176
4569 364
4571 625
4579 27
4584 779
4593 489
4603 524
4608 57
4612 906
4622 684
4624 412
4632 29
4639 211
4644 727
4650 210
4654 655
4664 217
4665 480
4668 187
4677 458
4684 808
4692 115
4697 973
4701 507
4711 894
4715 62
4723 931
4726 55
4731 958
4734 81
4744 615
4752 908
4755 757
4764 26
4769 248
4774 262
4781 784
4789 741
4799 902
4800 341
4810 144
4814 808
4822 495
4826 921
4831 646
4837 975
4839 92
4845 446
4855 975
4858 145
4863 309
4871 632
4877 136
4881 554
4883 326
4891 540
4892 651
4901 897
4910 211
4911 304
4921 525
4931 823
4939 866
4949 818
4952 93
4956 66
4961 722
4962 551
4972 424
4981 250
4982 705
4985 572
4992 490
4994 207
4998 343
5000 615
5010 143
5019 838
5029 59
5039 851
5042 324
5052 259
5060 672
5061 906
5070 268
5079 550
5084 2
5087 682
5090 295
5100 897
5109 753
5112 859
5119 950
5120 257
5122 59
5124 866
5128 82
5134 782
5139 287
5140 202
5147 900
5150 882
5153 226
5160 394
5162 158
5167 160
5169 508
5179 159
5181 69
5188 172
5189 229
5198 216
5201 515
5210 66
5214 391
5216 711
5218 373
5224 194
5225 861
5226 121
5236 584
5240 282
5244 5
5246 256
5253 210
5262 907
5272 467
5278 103
5281 473
5282 137
5287 143
5296 156
5303 793
5306 468
5312 642
5315 26
5323 575
5325 672
5326 102
5335 7
5340 708
5347 456
5353 741
5363 510
5370 81
5378 783
5383 848
5385 93
5387 993
5389 648
5395 503
5403 214
5405 688
5412 363
5415 166
5418 807
5424 988
5430 402
5432 174
5435 648
5444 912
5448 184
5449 74
5457 753
5465 191
5468 702
5475 429
5483 477
5493 155
5497 611
5500 915
5509 549
5516 385
5518 337
5521 216
5529 520
5538 120
5545 240
5550 334
5554 613
5562 747
5569 923
5578 585
5582 997
5583 946
5593 414
5595 -1
