100
-71297 -66100
-85881 -110678
-77508 -107520
-50919 -109112
-59243 -138586
-54638 -149288
-64132 -151156
-138431 -156523
-89861 -145599
-129630 -147019
-230305 -102339
-163805 -103963
-135914 -73644
-143106 -56188
-83843 -126279
-115640 -40407
-132776 -44982
-167738 -56524
-150906 -24302
-147894 65084
-178704 -103127
-250284 65115
-223496 78623
-173630 101840
-108489 48821
-93571 2816
-127624 57538
-80791 -54623
-109755 -12208
-81774 -89678
-65316 -8782
-33048 18636
-27183 28600
-41905 -25532
-9078 -22783
16438 -210
-26811 -11244
-12744 11545
-4709 45855
-40636 91196
-38746 29435
-93960 32947
-58970 96224
-40600 34377
-46054 96688
-74889 113276
-120389 167244
-8136 258371
-8177 54216
40880 131775
67162 144234
196823 119841
133123 66791
70072 51951
218634 -8859
62848 38285
52558 34594
45598 42819
31234 60468
31545 29286
30526 -628
11169 -23066
82682 -97208
78533 -32288
111725 -58946
72582 -8441
38665 39362
94270 -725
117243 -60563
143289 -33101
116587 -153958
28472 -64046
2306 -25010
19996 -58415
57222 -102749
68810 -122908
89222 -209827
33108 -85024
60188 -163424
1713 -64884
-9803 -52563
-3240 -38355
-29565 -53267
-15614 -65312
45568 -195652
-22425 -266925
13430 -169909
-23455 -65977
-23820 -134921
-33342 -111744
-26501 -71824
-40097 -120888
-48942 -173830
-127792 -190499
-39563 -203308
-250272 -194874
-48209 -148950
-32028 -28636
-53796 -82585
-46454 -4994
