1000
-41424 -19205
-51233 -11782
-26856 -16059
-1122 -17480
-3190 -7841
123 -6276
-15708 -6575
-58802 -7622
-25279 2142
-12619 -2279
-212 10326
5105 13578
-13325 5642
-1221 11401
-14364 5615
-5088 15578
-25180 5550
-67215 25692
-11555 16449
-56491 25264
-8012 20909
-5306 15534
20543 27208
20396 33653
5302 30222
9727 26883
-21698 24799
-35630 28270
-48767 29905
8680 36543
15192 37060
-5018 29384
2474 31588
30879 35362
3946 41429
-10772 35351
-29560 34505
-36191 45632
14015 41369
-40743 47361
-55672 49371
-9133 45709
44801 38098
61091 97731
45813 59849
36418 41565
-46710 52141
-41848 53136
-19509 54342
-22036 52835
7329 47286
9471 48116
19199 44156
24094 49237
20680 53918
3571 58457
-8030 54669
1770 57837
4270 54079
13770 49675
-9441 52467
-56710 64909
-24569 58231
-28962 57953
-15110 54349
-63472 77116
-23000 59177
20292 60781
-21592 62122
3356 69009
-38563 72436
-13551 71450
20832 71478
8239 74252
5462 76203
17929 74236
42369 63643
52150 89114
30505 78566
-47999 78118
-43954 78394
-41887 78368
-51480 78671
-15973 79121
-4909 78481
-30115 82784
-2148 79182
-15454 85139
-2899 92622
4561 101284
12275 101679
-7909 86117
-9986 84095
5262 92880
-772 84559
15294 86739
10424 95212
22708 96995
32153 114019
21157 116158
-18751 83319
-13519 92327
-33746 87442
-5581 95247
7229 107046
-51814 78895
-39167 87599
13328 116143
-37430 93602
-28607 102961
-18002 106657
13691 116317
-9435 116104
10245 119764
-13536 123528
-15608 116701
-18313 111824
-30678 121815
-31641 116977
-67747 102456
-69566 104222
-33610 143321
-33273 139452
-24261 130122
-23237 131474
-29236 123408
-8583 131505
-2266 130361
41259 110132
39289 122982
42003 131814
23707 120515
23069 121347
17477 123638
16112 130546
9318 134046
24485 131072
80405 152662
-16776 129676
-10904 139420
-7419 142661
-5943 137353
11481 137142
-180 138828
41646 144998
-850 143503
-39332 145109
-53380 148415
-2465 149160
-38168 159210
17526 147249
8357 147827
4815 146242
-10391 146632
-25051 145583
32222 146636
46827 148158
34099 150439
15830 148216
-25283 157295
-28415 160619
-49361 166950
-31105 161954
-55635 186703
-6515 165283
-325 155008
32912 169395
2428 161835
778 165573
43412 173312
35794 164849
86910 182422
3222 167054
38300 184054
10415 176392
1153 171810
460 171410
6138 168689
-7302 169829
-3491 164704
-30779 182041
-34291 185915
-3206 178046
-13363 172057
6726 177811
32986 188662
-725 177946
-26804 185035
-9300 184323
875 182324
6658 181704
13509 187498
-10110 190421
-9706 184504
-15392 191534
6676 188346
42998 193143
22784 199816
-16785 199530
-12012 196701
21956 193422
-27948 192024
-26555 195069
-103186 204400
11143 201752
-30589 208309
-8961 205307
-34827 209307
-21905 207698
23780 199878
27579 211108
18901 216196
16612 203110
-5967 205419
-7088 213551
-39553 214123
22096 216327
-31893 216397
22550 216340
-1679 218707
-25885 234751
5057 219486
4267 224089
-7653 232128
-5409 234169
-12949 237099
-33814 239492
-32435 214751
-38287 228600
-44163 219240
-56798 205211
-57290 244745
-5570 238729
8139 228359
2000 238479
-1987 240102
-67060 260122
-63720 297467
-41206 252439
-23284 247981
-20245 245830
-2013 246771
-15531 251561
-21028 256505
-22383 253326
-32138 270170
-34069 258999
-33535 251703
-44614 301245
-17426 285708
-9071 292290
-19566 260203
-8825 272866
586 253569
-6903 271647
-2481 264699
655 270020
-9508 282903
15530 322913
6027 291039
3246 271947
4808 260023
-207 263512
1318 245425
4757 243276
8997 265604
12942 300304
7429 249860
6981 234696
7313 238330
7492 232632
17588 274343
17682 248335
18873 252263
11294 226981
12080 230945
8604 222087
19787 240633
18727 264135
19931 238480
14382 229409
21269 218082
34844 215714
23368 215418
47405 201418
29588 233467
19938 235048
28196 240577
23263 244300
19177 261838
22126 269278
25187 259641
35777 225953
49025 204841
49093 222301
44973 233128
30819 262793
40512 228943
22921 285336
45018 235455
31521 266740
42863 247711
36939 254262
46470 242532
67929 180530
60122 207500
48442 240338
45723 253425
38887 256025
35115 264894
36826 279335
48381 249299
54599 223086
53580 235462
56921 235604
35402 287197
52478 258051
40014 281336
50391 275259
56364 242453
57681 241536
60376 211141
64986 253642
70660 260837
70007 255313
69858 257065
66595 230865
71715 262830
55308 311270
65497 295482
77174 257045
76309 248202
63974 211254
70024 220836
69450 193847
80555 274707
82508 281705
79674 221596
76071 203360
90696 204537
80699 227896
84777 220635
103151 191842
97792 207206
87048 232342
85641 231147
80930 244959
89504 245202
83896 259596
83256 302342
89796 250675
101271 210798
100275 238257
88853 277990
99734 245828
86595 298967
111970 255792
94453 274989
101592 266687
101261 264259
105888 205778
104221 242155
111304 175527
112089 219097
107789 222853
110553 249310
115028 246728
109760 237487
109188 236161
121607 195633
117859 223184
119328 222044
124407 212573
115997 256392
125164 235743
126160 236496
120037 251504
128303 235635
98371 306983
131324 270489
129632 285086
136504 265811
124548 273516
132307 226651
132130 251262
133702 262551
137839 251913
135248 249107
145334 232222
132281 249564
133827 223989
127474 229756
138730 213787
135529 239900
144757 214302
148955 220798
164030 208843
157985 215136
140683 229917
133980 245083
145440 230023
148916 230028
158021 234692
144794 235413
143022 253125
151728 236754
142836 263196
138356 295998
147289 284302
153326 272522
151817 272965
142824 268488
157656 267787
151188 256710
158427 260184
157822 245450
145457 256926
157739 238225
162417 216665
154312 226546
168345 207406
169340 239281
182728 223395
171926 240563
178029 229133
170588 238114
163999 268100
173865 306714
185379 263297
173916 283056
170604 286046
170131 266331
166923 271909
177083 238713
185583 234934
183058 239325
194733 279769
190561 260467
177593 193902
191360 251961
183943 220742
199218 287061
199697 269137
200553 255567
196010 265146
181308 197084
191256 242660
190220 231964
200586 255512
191700 235132
208482 273297
200152 272694
213760 274676
215948 279602
220508 259354
221807 255638
215280 273766
199909 251317
182417 170527
194791 221964
193765 215645
200123 235567
200425 214414
204685 255995
206805 238575
199155 205230
205889 233490
208518 234173
204289 216369
212328 233442
207594 215000
206822 209949
188115 189799
215504 218079
218751 234785
206746 248167
211163 255590
210353 255856
212548 255759
210655 253575
213330 247504
225594 239021
226183 252400
234967 243883
242235 236890
233043 260281
227525 279961
252663 224556
238986 270353
242551 260805
250381 233527
239000 274346
220231 285810
219761 279001
206979 312663
229204 283161
255354 272042
228750 281067
263079 267217
257138 255390
257467 232632
255480 234239
255036 229943
277406 236588
260814 232929
284134 245157
263245 246454
266143 259958
300423 259557
303376 227495
274258 218721
278162 217320
264264 220374
223995 231177
220948 240447
223411 222620
233637 228261
229514 220630
239997 216252
234444 217914
234330 214893
249953 216657
238695 223635
253158 222240
251407 219394
277086 215490
247072 218809
258574 215546
255839 210160
276465 212729
242987 207791
222376 200826
237622 208033
231454 217129
207299 194582
226773 201564
234411 199768
234027 201941
289934 195964
266888 201962
240417 202355
258580 207680
263303 206523
283018 211802
270732 210502
282857 212073
313758 193564
225168 200213
227645 196669
271669 192869
235188 193965
208486 191976
218613 175803
221025 180223
219193 187877
224637 192864
241763 189589
250296 191356
237367 180459
220351 175900
232125 185130
215825 173150
237311 180415
222777 167128
198141 182020
196171 154713
259761 183355
189784 151186
268456 186504
247881 177204
212299 154410
248027 168538
262378 169804
250040 168707
250900 168650
253316 161765
284500 169686
286680 170528
289280 181015
303816 163625
271636 164483
259024 163074
240946 153425
219854 156186
243061 149582
263396 149077
264372 154322
268183 152645
304948 162443
278796 124574
277061 142043
275393 139437
225976 154134
239428 146612
246085 144780
231417 145169
242922 141690
255721 139070
250761 146068
252995 145138
257168 137588
213782 149589
240551 141924
243498 136842
211679 149295
243420 136199
253704 136209
273800 135282
240302 135405
272926 133502
225677 133659
233218 133184
220002 133688
186487 123924
244371 132745
241974 128202
248291 127098
303769 121912
278579 122768
273764 120764
254879 124602
280932 116974
264430 115867
287739 116937
266906 110723
237499 125791
271169 118846
228350 129124
221334 126818
237834 124848
233965 105060
235219 120294
229679 111227
223147 117993
186651 103882
230914 92462
215904 102848
212829 101345
218907 110914
226109 104518
225631 107190
232888 104156
234743 103911
235006 105520
245160 120919
257864 105217
260579 106685
265982 107324
275730 103927
278672 112619
289422 81428
272645 102496
268286 97665
270676 101529
267897 97517
242745 112382
269440 92980
272137 92211
271632 90840
244335 107501
245700 95173
258289 90027
247684 89565
252162 84892
236151 99487
219921 74834
219081 88166
188596 62382
200957 65963
200396 65015
235443 71507
226046 74487
238032 82089
238658 89138
271678 78514
251730 95837
271017 84230
278230 90672
280793 62759
257967 81487
268140 61998
299247 39358
297014 37897
258770 69574
271765 47815
264043 51242
256015 61266
252586 76532
247339 80198
251645 64455
210039 66343
233413 55355
228348 54124
222397 53449
223840 50132
206212 62401
212829 29594
228891 45186
248064 42900
244895 47275
250070 43292
245650 40449
258203 47846
248840 42240
247306 40140
267368 45857
231094 34495
250071 40069
265340 36268
286612 44709
269642 36577
268518 33366
261691 34892
248146 39482
237279 32828
237800 31981
245906 37986
267239 30188
274130 24954
249553 20356
257926 30816
234937 26732
233850 -1816
231161 -25524
238698 17682
240532 20676
245606 17922
279414 19859
261153 22347
297935 20976
280052 2792
282795 13259
260812 17083
255391 7079
269972 -7855
272989 -3305
277159 -7014
265362 7650
272715 11642
279311 -15973
262737 -2122
241653 13705
240302 1284
248977 8044
260838 -2672
277098 -26400
270325 -14013
300036 -23283
261530 -49800
262232 -23196
273702 -22693
247534 1533
254719 -5628
247390 -47671
252822 -5610
245449 3835
237229 -4658
235906 -10141
245418 -5356
226353 -45004
249107 -4153
221729 -57966
216569 -56521
222217 -52115
233168 8321
230612 29479
225438 -30196
222423 -19095
225457 2260
229424 25901
229503 34973
222652 -14484
218879 -14335
223129 1258
222614 10110
220704 -2536
222965 2965
219572 -6700
222358 13900
221352 30420
217481 324
219546 -11392
213475 19102
213452 7530
219469 -36871
210591 -1533
198592 -19964
210458 22405
202004 -5112
203041 831
204054 37194
195605 -21686
200688 -20781
209819 -6186
216454 -40833
222162 -47802
211131 -49226
220679 -69988
195135 -41544
195774 5323
193740 13115
191858 3152
190372 2174
189913 24258
192291 32168
176392 44363
188086 22179
189399 7005
192963 -66870
186974 -26313
184789 -30367
187124 -3738
179101 35767
182623 6737
176502 -14693
179378 20635
180658 20766
176565 42414
171692 13125
174050 -2454
176230 11238
172573 -14616
164494 88436
173162 -34415
182245 -20225
169199 -65347
169812 10964
161105 18934
164953 -18604
167099 -4678
168890 -24370
167886 -14051
164559 -28264
164789 -63509
156861 -21129
153081 -61298
140413 -45301
121149 -87729
135153 -45352
134581 -30850
157107 -17072
161843 28041
161299 43194
158426 8047
146905 -21547
151575 -7585
150113 -1637
160567 48878
148218 5289
149022 -12826
146317 -23618
146803 12229
143148 -7515
145581 9050
147118 24308
139700 8007
142766 -16751
127922 -31595
149242 42304
136892 4405
130355 -19432
135249 12831
129724 5088
126328 9982
129804 27391
124692 24933
125107 -40343
124954 -28763
111123 -58499
124294 -26766
121962 -13615
122141 28695
120692 16583
117544 12024
117401 -13793
119474 -7876
115887 -24010
102370 -66474
110490 -28356
115118 -10918
117151 19043
114935 -4982
112232 -15104
107272 -37974
116778 22563
103695 37753
82855 63968
101936 20045
108889 18371
110785 -1229
105765 -5095
101348 -44673
99281 -42787
104526 -13226
106567 5487
97274 -11582
96777 -13812
94592 -7189
103110 -78534
86818 -36763
100534 -59554
90192 -26831
97215 26473
92734 26535
90781 28284
88594 2436
86258 41435
87234 12075
84777 28380
68519 56989
88541 -444
85176 -60527
87006 -9441
73657 10848
76771 10066
56953 34549
77320 -3459
80071 -7114
81336 -16365
82216 -20513
86009 -29896
69008 -17872
83685 -40872
67053 -16107
53805 29780
62281 -9183
71760 -42413
61701 -7832
61844 -14925
57011 -1322
63268 -21204
61471 -59666
58966 -13408
61456 -20245
48811 27764
44853 29479
37241 17372
41624 21509
53121 -8164
48038 25918
54857 -13903
51665 -40462
49642 -14676
44922 -7525
48968 -22024
44501 -10939
42962 -37870
42859 -15791
41239 -1410
41072 4618
42817 814
43162 -16403
43746 -3989
49119 -9816
41313 5938
31056 -43972
36920 -13410
34982 -9086
26270 -39098
32985 -4611
35198 39121
23104 633
29509 -4096
28881 -16550
19504 -11029
21029 -2803
23055 -11351
24027 -8889
20209 -265
25619 26766
24147 22134
20379 25596
14748 3715
15860 -10791
17366 2030
15505 -17607
20421 -23954
17359 -15638
23930 -16638
19189 -40550
26966 -51244
27650 -54521
21970 -82071
16729 -28866
10856 -29179
9124 -42076
10233 7087
3157 -12112
2441 -12357
1698 2022
14 -30081
3109 -17989
5683 -9774
1416 -44833
11380 -61712
-11249 -64313
-17677 -21838
1901 -39890
-15747 -17140
-32823 -21961
