100 1000
35 74
76 77
16 45
55 87
61 58
21 43
38 16
93 51
55 2
26 85
8 23
45 90
9 51
5 13
75 88
47 10
61 74
86 28
70 40
66 83
97 39
25 87
54 69
37 8
70 14
92 78
37 36
19 97
38 23
10 13
62 8
22 22
82 7
49 51
99 67
33 47
5 57
33 58
78 22
66 47
35 9
24 23
97 95
20 34
17 81
46 79
88 19
52 69
26 53
20 76
19 4
22 23
13 7
32 90
80 49
88 14
58 64
89 54
58 8
87 74
88 85
4 75
3 56
96 80
60 67
55 78
70 29
52 34
87 83
23 66
32 63
31 41
26 19
94 83
26 32
8 65
16 12
92 71
19 87
50 78
53 57
7 74
37 58
92 82
40 75
44 70
15 69
89 8
3 66
92 11
83 59
74 74
29 92
12 31
21 16
39 79
89 75
88 48
49 79
30 40
54 25
9 20
46 49
28 48
15 19
10 49
29 83
74 58
40 98
100 78
76 40
4 15
40 4
46 21
43 51
45 51
70 42
100 97
42 66
67 51
14 96
86 39
5 11
23 44
21 88
65 76
3 4
79 48
24 21
98 21
23 19
62 22
16 3
39 34
6 4
81 91
42 37
53 16
80 13
89 52
1 6
79 55
9 57
54 33
77 3
53 100
21 66
73 88
69 64
67 54
16 9
43 68
24 74
81 65
78 33
70 56
39 30
13 92
62 41
46 66
92 66
32 17
6 52
80 79
77 46
84 92
6 78
59 82
52 91
98 29
75 19
36 65
48 48
8 10
41 53
27 84
71 10
100 28
13 79
6 89
25 41
32 82
19 43
63 22
33 12
50 60
30 85
76 78
85 84
39 77
88 65
60 10
27 60
37 39
38 94
28 14
87 59
96 5
1 10
26 86
74 27
97 3
63 72
80 47
7 70
23 95
35 83
4 13
94 93
51 31
86 30
97 72
41 44
28 93
5 5
30 78
31 78
81 94
2 12
92 8
82 67
54 68
80 94
2 82
76 39
12 72
63 4
15 90
96 20
95 26
97 77
55 29
22 56
41 14
64 74
80 17
41 80
78 72
25 79
70 16
72 32
19 86
73 67
57 67
44 6
96 98
34 17
54 26
82 69
99 61
37 91
92 15
62 16
45 67
68 14
97 5
76 70
71 33
88 66
38 83
15 23
52 20
49 33
88 99
46 25
90 37
91 3
5 35
21 72
49 55
10 45
59 37
66 81
21 54
98 10
36 12
33 39
32 33
72 19
31 17
95 72
53 85
75 9
20 47
80 20
1 41
16 11
30 82
43 50
87 40
60 22
52 44
61 35
28 84
5 10
100 100
82 4
84 8
13 55
54 44
26 7
17 66
75 60
67 61
51 78
34 54
88 100
81 93
10 80
44 91
36 79
50 48
34 3
43 11
9 79
4 78
96 78
89 63
90 39
93 13
73 80
12 54
24 73
33 67
63 68
46 12
67 31
67 62
41 27
40 97
56 88
74 44
50 16
83 41
43 27
5 15
58 69
68 82
100 56
72 45
19 91
27 85
64 43
16 19
30 41
63 31
8 97
24 50
23 28
65 80
96 84
13 89
88 13
44 12
9 62
2 88
99 5
7 62
47 22
32 29
14 94
11 22
42 34
71 64
14 87
96 9
23 60
72 92
21 33
6 74
20 4
78 78
17 77
51 48
5 64
42 15
85 35
1 56
99 14
94 46
74 16
5 23
26 29
14 98
13 71
72 84
74 1
61 90
77 11
90 33
74 83
100 59
17 100
66 15
13 59
12 38
75 69
60 52
49 26
1 61
96 24
44 22
25 4
63 53
66 52
34 85
36 14
17 48
25 81
37 51
49 97
54 97
74 54
9 69
78 52
42 54
7 5
6 72
8 91
62 42
27 11
44 62
76 12
61 52
92 98
54 92
46 7
40 19
13 48
39 42
51 81
95 57
85 52
80 92
95 42
85 21
4 80
35 79
92 95
44 36
27 89
43 66
7 7
48 16
78 94
25 62
45 4
5 39
97 42
60 100
31 64
40 13
51 36
100 77
24 94
100 11
80 99
27 57
92 3
70 37
6 26
27 55
19 38
83 36
55 75
100 5
10 100
33 85
45 79
89 98
43 67
6 87
23 27
53 49
81 71
87 86
62 21
22 69
95 73
24 58
41 69
88 59
13 76
57 7
95 62
93 63
89 67
89 93
68 21
15 6
7 29
26 80
97 21
4 21
76 28
30 16
96 17
45 83
18 39
96 11
53 36
29 94
14 95
53 72
23 79
3 71
51 7
91 78
34 73
46 81
41 72
40 85
54 57
75 1
19 28
37 100
47 86
58 84
30 60
54 32
18 97
31 61
25 22
46 30
31 72
31 49
99 19
100 71
98 66
31 27
77 85
58 47
81 18
97 1
24 80
61 100
53 58
30 83
82 12
84 32
3 15
81 63
62 78
80 93
56 56
29 65
2 61
83 51
13 6
82 73
5 34
83 86
17 16
97 52
47 78
34 1
45 15
63 6
44 42
50 100
50 30
64 3
90 98
53 2
3 86
72 61
45 40
76 94
91 22
71 76
90 85
73 86
85 76
4 100
78 93
98 83
47 52
20 73
63 91
33 8
53 20
81 75
96 55
92 14
74 70
39 58
45 42
10 74
87 7
58 80
57 21
70 89
80 100
100 84
71 80
58 18
87 51
7 78
64 80
47 55
90 43
96 99
5 28
66 14
7 22
86 76
62 65
27 61
93 10
67 79
60 73
8 24
5 54
30 94
48 25
59 96
46 47
28 7
20 63
55 12
72 74
42 31
98 49
6 2
54 35
95 1
12 86
67 70
33 13
45 94
12 90
40 91
49 54
97 20
31 39
28 72
22 26
72 27
27 25
14 74
77 77
59 95
46 44
7 42
37 71
13 32
81 61
64 33
87 91
56 8
68 27
87 47
3 52
20 31
28 30
25 25
73 84
66 61
40 66
32 73
27 34
21 42
66 59
84 21
67 52
50 53
8 69
59 75
43 76
35 48
99 91
42 19
84 7
77 68
80 95
71 78
51 20
83 58
40 65
44 89
24 54
63 18
65 6
76 30
13 74
72 54
44 56
61 20
75 92
67 97
21 69
68 3
27 7
68 70
95 43
24 10
13 53
59 77
10 34
58 22
76 2
89 88
73 63
79 91
11 99
60 78
2 38
7 30
15 82
39 27
86 49
56 95
34 65
17 44
46 92
97 34
79 70
48 57
12 10
7 71
87 8
80 67
4 47
100 94
43 80
80 28
97 48
72 42
39 68
28 69
77 1
37 84
23 75
43 83
49 75
1 52
21 100
45 45
85 39
64 90
14 55
57 93
23 46
72 52
98 8
87 20
34 81
54 82
55 54
33 27
54 30
72 90
20 48
6 86
72 22
75 85
76 84
29 1
1 78
60 39
49 93
20 3
56 11
53 61
40 24
3 60
97 94
81 24
30 56
7 11
58 87
11 58
64 22
49 12
67 68
66 93
93 22
55 45
34 47
68 36
58 42
96 54
87 76
29 17
84 35
73 90
50 36
63 98
100 29
65 65
73 58
38 28
59 31
36 2
70 17
99 48
9 24
89 58
11 52
27 5
81 64
84 87
39 57
60 98
39 26
55 74
79 88
90 48
56 89
48 64
64 88
22 74
91 29
84 23
52 62
79 85
77 62
71 16
70 82
65 60
7 19
85 86
7 75
85 14
15 32
51 10
31 86
84 82
47 62
18 24
39 96
21 3
55 80
73 40
65 31
14 49
45 28
33 22
5 52
72 55
13 2
93 97
35 39
62 37
54 87
96 79
9 91
60 53
70 92
80 8
98 72
56 85
63 17
89 24
53 84
28 85
100 33
6 20
72 11
9 98
36 4
94 67
63 44
39 70
80 53
86 68
28 91
51 55
27 3
88 49
97 98
100 55
17 41
51 80
90 86
83 83
78 42
66 57
94 4
76 22
94 27
76 72
29 15
20 77
13 19
11 54
21 61
98 68
45 1
65 74
43 82
31 88
85 6
61 30
84 89
1 64
3 72
93 15
42 75
96 52
29 68
64 14
78 13
33 74
47 56
31 77
95 67
35 8
49 70
96 1
86 50
25 78
52 64
70 32
31 85
97 60
98 30
33 11
78 80
18 8
8 64
71 27
16 18
27 1
68 51
78 84
69 81
99 90
41 23
85 68
4 2
27 12
66 5
57 88
6 10
72 25
60 1
60 80
82 58
58 26
69 100
51 54
19 54
7 45
17 24
2 74
12 84
97 17
93 69
41 5
36 54
51 46
3 9
72 23
8 74
28 26
22 96
58 75
21 21
59 17
37 29
7 58
11 88
99 62
86 53
22 57
82 3
58 60
89 79
6 27
67 64
66 32
36 25
41 67
7 17
65 92
21 86
100 95
92 37
35 10
25 53
25 20
7 43
19 44
61 85
53 11
10 73
48 9
19 65
41 68
91 32
56 96
30 90
57 55
42 82
26 1
76 29
94 94
25 6
30 71
