1000 3000
284 511
795 734
720 557
500 960
21 48
542 82
733 61
35 926
558 799
36 249
751 978
295 269
900 369
319 433
146 375
329 781
886 123
514 957
679 14
917 52
413 810
133 497
870 167
423 779
317 810
28 67
788 674
687 39
43 6
823 188
380 151
321 617
626 834
574 656
199 842
707 964
651 191
812 872
709 234
651 25
396 678
443 183
703 130
573 745
487 747
285 866
897 605
483 522
790 408
178 989
249 236
304 251
779 115
474 487
701 124
864 96
153 658
630 856
139 554
952 625
300 236
491 548
192 325
422 982
732 951
322 332
186 625
934 964
91 759
803 791
235 666
886 739
675 867
594 814
420 898
438 71
485 928
619 677
604 40
10 687
990 331
370 527
307 655
491 397
414 645
188 648
662 425
386 336
644 332
149 415
229 587
486 65
866 104
741 822
143 102
508 484
432 878
10 90
532 852
487 945
496 26
944 157
802 330
845 445
13 345
212 593
283 697
657 149
800 750
970 294
851 829
777 283
706 138
724 590
990 210
534 485
587 830
994 389
159 190
185 523
534 396
115 817
92 771
317 243
872 286
888 723
466 16
357 172
154 80
761 143
642 646
627 228
827 972
616 985
161 153
859 695
548 973
863 640
96 179
234 967
816 122
41 281
489 749
804 642
829 916
784 822
562 763
49 388
86 17
725 247
169 583
293 716
908 155
707 355
685 293
673 500
766 714
780 254
462 584
896 642
499 31
463 412
145 512
152 231
880 228
829 48
162 473
115 69
979 822
775 663
466 448
162 231
161 941
484 974
876 731
616 727
762 430
138 258
293 289
488 172
868 668
571 30
492 686
450 470
859 225
132 324
672 645
554 184
938 37
157 813
120 124
539 881
906 29
138 198
669 978
370 537
997 940
918 489
977 367
958 835
943 442
158 966
86 63
149 375
100 658
188 219
133 78
451 38
106 940
236 775
269 957
663 266
248 580
106 225
946 415
59 241
856 217
206 294
279 355
668 730
364 207
300 496
637 102
534 742
42 121
868 662
77 530
279 324
461 384
548 759
799 959
999 6
175 204
651 805
910 671
887 273
229 538
769 865
640 654
607 33
774 826
46 202
356 325
525 816
708 425
574 858
383 924
216 909
128 866
65 37
888 951
310 117
841 430
981 832
83 587
216 856
413 261
409 120
585 933
287 645
709 213
502 91
136 717
999 263
935 416
652 822
718 961
938 558
390 919
389 824
505 956
31 269
217 439
740 801
723 27
445 432
591 299
522 726
15 873
341 949
640 992
771 357
304 708
915 693
978 655
516 483
611 898
103 179
336 195
331 58
573 128
489 163
426 363
240 440
587 580
741 226
923 863
582 226
922 848
270 900
855 137
734 817
34 836
995 369
382 325
427 954
804 267
116 229
629 356
21 567
287 761
792 210
975 726
435 896
925 705
795 779
841 880
947 875
243 449
970 21
403 773
288 518
2 916
225 22
483 512
134 626
721 108
703 155
355 628
859 502
758 52
381 705
926 448
997 520
897 966
541 299
91 828
168 92
95 393
465 929
904 950
555 624
57 257
778 763
884 989
264 994
40 997
698 317
444 46
836 692
364 728
990 454
555 158
897 2
550 361
930 453
310 484
428 718
93 557
832 328
545 448
321 936
444 370
604 239
416 792
931 131
519 272
584 74
429 832
75 330
192 356
134 853
840 561
922 284
470 753
611 14
200 284
302 643
653 905
882 420
696 164
550 567
435 485
640 216
316 66
545 859
421 31
63 612
591 984
247 60
737 210
426 936
493 79
931 497
335 164
269 383
327 170
949 761
655 940
976 322
357 873
533 129
903 595
741 845
579 339
257 315
548 34
602 40
464 532
889 798
47 157
180 373
326 480
486 332
419 813
654 775
37 538
904 939
132 996
136 62
334 744
728 882
777 330
273 240
213 513
389 260
669 569
984 995
400 469
326 819
634 331
945 670
868 200
609 352
547 96
413 233
839 141
466 967
822 738
206 34
251 594
645 271
514 629
617 914
97 943
84 730
625 380
400 845
932 360
548 478
807 312
710 645
452 175
611 625
265 168
659 867
113 303
489 979
931 106
244 380
48 679
461 24
58 212
220 341
923 767
819 729
79 880
725 882
407 687
507 23
854 517
889 319
171 377
297 454
482 892
833 881
570 293
257 979
857 476
320 779
595 138
508 25
369 584
906 775
271 764
797 476
280 37
146 803
414 794
256 247
685 88
480 254
732 736
585 588
563 904
719 509
393 578
533 761
161 439
888 431
554 684
259 834
73 404
988 486
198 243
84 882
330 915
488 413
2 424
353 565
327 71
73 71
648 606
183 808
396 70
591 949
106 849
134 178
604 121
15 801
363 450
35 44
365 874
809 366
297 161
282 975
231 707
397 878
312 579
37 59
1 627
359 106
827 845
283 431
317 649
583 32
98 969
75 462
194 883
180 842
395 461
168 625
167 564
854 830
143 891
888 143
869 599
600 696
443 234
478 759
882 412
790 979
381 217
793 574
451 972
768 846
432 935
822 599
499 676
780 993
566 20
487 434
618 86
481 412
671 958
522 552
370 664
530 750
880 674
675 682
645 794
879 77
729 701
27 579
376 806
571 941
177 409
726 794
846 207
557 516
164 79
67 533
94 948
634 973
622 661
6 266
454 885
694 534
585 72
112 312
230 34
252 406
442 329
552 287
535 108
154 51
538 572
935 631
520 921
955 493
581 313
110 386
197 156
920 133
227 383
444 808
417 47
214 858
375 117
497 262
224 2
312 114
574 246
96 445
166 51
937 98
715 398
484 911
553 755
395 132
137 838
939 553
884 152
763 610
268 611
871 844
612 182
309 537
780 404
981 945
806 269
395 872
667 878
782 571
632 528
702 120
365 641
673 600
144 787
562 764
397 432
959 360
966 267
897 97
22 229
393 180
498 787
51 516
664 185
86 647
712 788
767 429
780 791
380 275
577 941
38 325
725 348
684 690
614 932
138 988
161 530
519 10
317 921
525 332
105 962
979 169
101 97
597 880
239 328
155 167
269 544
491 993
892 526
34 857
810 171
196 970
700 66
331 16
987 855
348 443
816 678
611 917
126 559
148 364
887 654
530 507
550 372
499 793
249 884
649 58
54 197
379 105
262 709
473 248
915 172
43 83
201 5
999 326
564 498
41 802
504 922
308 53
293 158
845 893
41 845
951 446
41 681
550 655
390 22
254 656
545 296
738 745
301 88
422 216
586 462
17 89
383 676
493 27
833 337
920 873
533 222
318 574
902 219
580 643
593 833
299 137
481 36
234 781
124 655
348 61
117 364
501 851
39 993
230 223
681 149
95 213
722 764
138 623
982 717
266 574
550 564
711 382
599 944
162 74
950 861
134 66
224 634
269 614
626 498
836 306
998 282
871 719
45 8
693 378
725 958
952 626
873 14
7 824
957 520
897 906
380 383
324 955
16 592
920 994
441 107
651 438
740 521
156 784
529 848
161 605
158 464
582 30
477 588
205 785
459 454
43 190
836 366
496 851
309 415
844 749
521 847
186 260
367 693
395 247
892 907
851 401
371 432
783 847
371 987
984 181
440 26
370 275
391 865
478 51
631 673
799 503
519 336
114 238
380 508
484 623
767 335
24 489
118 806
687 841
792 670
21 584
695 743
858 85
959 687
487 942
360 285
444 230
972 558
467 703
417 951
326 183
637 349
23 754
154 710
946 297
379 319
880 74
61 90
510 371
776 997
312 487
633 108
717 957
665 183
659 433
133 984
968 769
684 990
875 189
699 820
486 78
490 717
151 550
158 660
273 286
8 584
772 641
43 488
597 707
23 255
492 155
591 459
276 626
448 502
815 499
673 652
576 163
368 78
64 878
737 336
163 745
272 934
737 314
774 333
373 796
939 864
302 881
674 577
507 473
430 321
971 103
972 546
265 691
623 680
920 712
16 82
808 287
368 896
952 141
228 324
936 518
539 589
399 212
518 905
37 947
577 7
49 900
905 665
942 879
345 862
942 712
943 101
350 310
996 301
450 575
977 737
93 867
678 843
431 195
747 467
141 675
473 542
574 729
558 515
608 254
376 549
965 319
650 314
980 997
615 782
572 943
870 16
809 547
858 239
741 604
705 234
278 530
775 203
258 332
717 865
586 93
766 902
763 767
216 94
763 182
875 686
124 745
701 932
291 558
523 384
513 227
617 142
756 391
344 366
74 61
582 11
505 347
913 619
465 128
712 580
309 587
265 784
683 318
67 325
875 589
708 740
168 324
881 275
66 225
640 140
637 222
502 493
920 414
463 737
541 174
316 201
112 932
336 794
601 403
119 828
991 178
567 510
502 447
785 567
23 424
58 11
997 560
855 269
325 317
5 866
491 672
418 954
955 106
100 556
508 570
383 850
747 301
360 600
99 144
519 474
919 576
484 916
487 339
536 812
655 540
29 497
211 798
803 517
903 902
72 762
823 806
612 569
458 323
169 557
818 687
30 88
614 513
355 453
203 890
616 210
429 644
58 991
793 860
508 696
113 931
457 935
89 420
504 546
94 24
102 263
62 483
351 27
348 705
479 550
595 94
111 23
89 169
366 882
28 225
577 141
155 385
427 595
157 930
141 250
305 594
513 718
77 215
745 424
919 575
325 513
669 436
888 109
956 605
990 335
829 918
475 335
655 254
930 811
183 422
412 840
15 276
557 443
490 653
218 761
228 895
273 896
682 512
356 637
116 346
971 296
263 798
631 269
51 912
79 585
685 843
776 699
118 333
494 960
985 63
720 212
957 344
459 638
208 815
626 675
512 949
971 126
746 953
395 148
216 825
84 900
667 860
950 137
544 443
448 528
506 167
92 814
862 902
804 69
68 429
96 579
377 66
705 474
370 99
973 585
275 57
484 942
916 433
78 459
228 525
338 85
43 429
898 256
683 701
677 750
130 772
329 858
837 385
684 558
835 656
142 109
712 625
402 627
409 831
437 636
355 775
720 749
555 970
357 237
670 33
987 151
804 667
361 992
403 44
549 589
699 690
697 763
666 99
389 74
929 178
62 636
952 133
736 858
102 92
95 124
124 433
626 279
451 986
270 205
381 818
793 80
859 841
842 524
291 582
950 572
111 363
559 62
847 294
272 301
738 366
424 213
150 401
492 952
387 113
156 767
931 948
198 789
140 391
665 431
325 966
2 435
328 560
849 174
205 120
474 294
837 249
507 986
650 350
289 36
462 444
154 744
743 704
885 882
94 901
312 770
866 665
205 193
576 405
366 133
524 192
426 712
440 284
697 89
985 985
124 799
780 630
542 522
333 778
755 778
678 419
900 543
83 456
87 11
860 805
143 735
996 920
446 435
556 494
524 540
830 999
338 609
980 232
482 664
361 236
794 391
654 693
285 89
148 372
451 7
176 593
93 523
864 538
957 419
31 832
311 860
183 1000
820 514
231 301
178 944
536 971
334 542
663 618
630 162
341 80
168 516
24 612
390 239
149 347
10 531
530 320
390 64
319 209
578 902
861 755
197 396
725 530
289 739
499 270
900 840
349 419
707 724
30 97
315 530
795 324
60 324
643 801
388 313
9 965
566 869
71 762
616 147
291 905
885 142
174 136
981 875
906 687
950 287
783 264
168 577
939 227
253 933
27 992
246 387
956 163
607 378
925 574
524 567
830 760
708 356
247 688
582 152
727 531
790 861
147 957
790 437
535 42
370 913
33 615
651 340
777 609
717 53
182 240
620 12
999 679
719 597
719 300
100 445
182 889
657 328
197 446
765 83
487 134
995 871
100 997
210 228
605 278
633 786
869 252
149 219
282 219
815 1000
518 914
796 700
802 453
379 350
898 495
432 737
980 778
959 79
774 521
659 730
798 291
868 667
894 16
885 175
587 700
527 104
965 322
803 119
774 534
468 672
28 252
760 8
29 718
438 155
238 96
884 388
738 751
54 983
119 290
510 705
341 36
160 306
709 315
424 483
848 243
506 875
494 265
882 875
334 320
381 572
767 616
311 857
719 364
839 837
5 700
893 346
87 52
3 796
366 426
630 565
668 135
440 514
751 673
740 436
992 120
7 111
735 669
967 453
32 157
641 37
209 885
734 295
937 736
90 654
513 719
219 532
205 10
45 955
682 784
391 26
255 749
136 342
418 454
794 801
962 787
189 170
671 922
465 959
9 906
613 521
625 183
405 181
544 449
488 225
585 878
250 191
978 737
532 747
542 678
900 504
464 88
673 486
362 489
445 722
395 409
243 371
943 999
551 486
799 38
710 383
267 312
926 245
400 457
343 942
486 242
445 301
682 469
787 43
958 231
764 352
991 358
74 933
356 624
418 155
14 479
889 280
790 814
876 190
623 219
483 460
812 927
761 493
747 547
535 704
129 651
407 471
8 480
403 716
456 172
870 469
650 758
748 792
924 976
981 898
194 815
357 357
741 469
850 839
367 736
543 495
386 301
317 746
133 719
461 588
242 682
56 892
791 155
683 714
130 15
963 675
829 672
32 921
140 233
111 507
968 653
353 706
306 670
803 438
740 615
25 982
296 432
225 86
938 259
152 420
273 114
94 453
785 477
725 277
61 835
783 381
840 135
86 497
804 240
934 896
854 310
877 149
93 101
586 30
359 737
449 983
203 895
787 339
371 863
615 784
49 397
164 888
884 601
736 39
840 669
934 693
330 810
193 422
262 778
804 972
515 252
954 69
146 92
407 869
954 374
652 3
770 167
242 5
767 978
44 606
646 977
650 328
139 842
749 400
971 552
724 837
156 677
769 312
873 722
37 524
76 806
42 318
163 808
295 206
765 292
534 414
619 672
607 720
424 930
271 147
766 778
175 671
431 295
334 303
369 370
179 444
527 220
761 689
28 407
894 144
699 780
910 669
451 868
388 226
797 11
724 563
788 899
233 218
193 918
873 561
639 51
5 165
270 117
854 649
876 99
145 926
878 54
594 681
921 334
906 718
344 630
280 483
880 864
53 72
133 925
985 771
975 341
935 596
457 140
597 684
591 741
609 820
794 555
852 66
888 110
135 583
739 766
65 970
629 117
393 113
41 377
883 367
717 170
963 526
309 911
209 251
651 170
71 796
724 922
213 611
31 348
193 121
113 609
442 94
726 835
206 118
211 89
837 280
258 799
157 918
61 717
169 711
886 591
858 609
512 70
571 895
417 115
367 530
724 809
623 801
995 180
268 106
836 525
256 992
443 316
709 963
26 946
553 235
907 416
305 477
310 73
592 29
954 667
189 928
467 183
108 88
739 375
194 575
252 449
918 46
765 978
8 142
924 560
729 830
975 33
658 637
457 601
17 411
267 205
387 445
173 125
172 366
51 423
166 321
468 930
298 475
424 573
386 152
754 712
536 412
700 992
12 716
402 279
272 740
715 10
536 887
135 707
252 537
129 418
857 948
699 507
774 474
79 159
625 833
871 512
596 922
504 607
638 905
237 261
996 952
271 884
838 757
590 442
293 71
211 502
18 909
8 792
735 86
302 359
270 524
223 865
446 726
824 435
982 60
695 330
363 317
213 201
73 154
994 366
224 204
219 594
464 226
737 198
663 38
909 933
914 131
797 359
856 620
145 189
32 191
518 394
508 730
946 580
236 939
297 811
494 515
404 958
92 492
155 755
530 415
39 795
545 187
505 400
159 649
589 190
191 458
935 698
540 233
630 775
171 926
585 17
793 341
974 236
832 480
342 713
895 380
507 791
567 11
543 77
11 483
618 202
940 552
251 479
784 880
605 307
158 190
323 302
882 648
537 713
479 879
426 725
258 284
516 176
647 410
252 657
892 869
210 831
773 461
662 908
692 266
214 849
807 888
150 688
887 687
753 718
917 530
442 174
813 309
702 459
718 305
468 961
174 677
792 298
137 805
205 829
70 771
29 229
658 179
268 897
217 20
614 133
549 55
658 714
716 359
172 785
664 639
746 189
668 889
838 156
693 42
336 114
812 365
694 822
895 962
718 111
981 331
595 882
737 604
595 804
963 118
589 978
109 686
518 776
926 355
931 618
396 267
83 560
631 777
381 877
90 98
339 70
428 933
303 516
536 897
320 850
15 260
179 123
945 696
250 870
50 180
839 446
446 273
5 428
401 737
656 490
834 994
560 613
278 214
128 166
111 447
15 477
706 194
951 2
889 200
223 291
379 413
736 177
686 92
956 438
828 612
928 13
605 839
625 235
52 104
400 162
551 414
990 608
959 940
962 200
139 536
490 518
949 577
46 986
20 1
423 199
964 350
211 921
540 187
155 592
290 554
105 192
319 95
152 630
34 113
829 173
1000 670
42 300
598 87
285 617
439 60
167 403
761 377
675 301
915 829
892 204
382 996
748 52
90 899
681 476
363 861
648 362
530 689
662 479
127 298
95 565
709 613
319 470
989 993
122 255
173 13
459 906
360 206
958 802
456 638
277 818
851 276
531 732
316 544
211 442
194 305
358 902
918 29
723 258
373 844
513 546
208 323
451 568
880 408
721 687
398 349
856 600
624 386
331 939
282 541
732 475
198 441
376 467
821 99
724 194
294 588
739 502
262 541
69 493
301 141
179 50
489 386
649 464
772 979
754 405
872 837
879 69
277 606
535 450
56 610
643 350
198 733
851 811
273 271
656 925
763 186
974 251
572 974
66 695
305 819
99 176
655 329
244 283
934 778
732 342
387 374
43 936
458 245
99 83
515 754
7 629
939 333
879 862
306 944
556 610
114 654
785 768
982 28
50 268
157 134
961 896
859 3
831 317
247 281
399 113
34 757
741 325
89 971
186 395
266 742
356 379
747 141
498 81
520 899
700 29
32 660
924 891
662 754
207 260
35 957
724 420
713 464
786 282
548 51
375 255
781 121
747 278
553 267
176 252
295 208
911 218
450 924
323 8
535 709
964 258
129 28
721 224
181 506
505 80
908 231
335 688
352 81
965 904
699 493
508 345
52 418
914 501
694 237
508 228
945 823
486 425
202 558
1 383
416 505
462 323
88 148
363 791
581 327
46 631
171 553
976 222
971 889
74 16
477 581
595 774
755 432
550 957
990 550
691 757
407 504
431 494
652 793
284 584
472 329
214 642
882 541
864 204
430 937
571 258
870 165
31 976
597 933
284 586
482 974
694 888
478 124
381 481
917 16
64 388
345 629
29 578
170 244
781 951
533 351
208 754
515 591
729 111
523 13
48 4
986 741
244 815
217 624
295 133
640 710
872 336
339 252
913 860
496 693
810 380
395 17
133 261
959 861
724 481
225 123
837 563
864 80
377 432
55 24
564 46
733 435
381 423
38 645
282 885
689 443
264 83
812 396
696 770
609 419
603 185
541 791
747 756
222 476
187 276
851 102
674 583
888 54
358 926
699 991
810 739
434 74
822 597
821 517
366 781
287 320
966 827
110 64
935 331
539 121
959 389
223 632
324 110
37 33
35 87
23 197
826 808
270 647
404 90
515 122
223 801
441 188
979 903
251 913
233 142
386 543
530 608
174 205
69 211
237 456
297 612
652 122
771 273
120 527
714 634
1000 936
786 792
123 117
694 726
381 279
867 766
821 748
725 995
953 794
557 541
601 853
504 252
975 627
524 94
505 589
80 504
525 217
647 999
333 341
724 66
971 590
831 143
338 556
137 642
701 45
534 301
898 38
904 224
16 779
669 520
367 748
375 243
317 21
242 1
713 965
66 683
907 249
826 244
804 314
237 856
359 770
508 608
159 411
831 174
189 499
45 907
599 419
150 915
792 391
267 504
707 333
539 613
581 716
208 736
381 444
591 739
214 98
698 372
860 528
898 400
379 942
306 329
713 807
243 504
549 861
7 256
193 897
220 125
612 428
212 993
871 154
83 436
603 781
808 462
660 57
861 390
998 519
718 62
325 312
565 874
173 924
129 717
820 348
194 784
127 405
776 998
559 210
433 161
990 592
975 2
648 835
391 998
705 461
59 30
772 976
903 296
899 383
365 70
82 558
853 209
314 980
558 224
190 342
385 531
286 711
532 285
897 275
282 602
87 693
631 210
20 885
506 270
619 222
691 700
779 544
260 444
875 169
668 64
511 404
595 148
114 478
432 10
104 66
611 190
110 241
400 129
477 257
398 95
478 88
147 608
983 758
51 858
927 718
273 789
473 867
936 586
697 367
948 800
784 558
990 893
151 389
21 627
645 770
74 474
210 220
81 192
977 483
401 903
553 674
43 25
892 330
611 588
697 558
388 832
467 377
725 617
117 745
596 113
515 669
586 724
888 666
267 216
148 668
119 52
693 513
77 584
843 39
172 891
596 911
722 414
639 446
383 755
543 978
867 57
998 452
132 237
469 750
452 968
769 922
20 461
435 96
397 629
134 920
519 81
830 592
846 468
38 228
574 580
557 440
988 554
243 471
142 711
572 594
30 341
867 49
153 653
496 549
281 981
468 151
413 297
743 259
116 132
838 689
63 395
480 402
300 722
224 442
784 795
387 166
135 253
566 288
258 62
836 538
394 656
41 807
304 783
417 420
266 254
460 328
1000 940
729 300
13 952
93 149
98 479
314 233
83 879
872 340
292 59
230 686
714 270
844 370
404 612
141 669
865 600
348 865
891 428
516 256
731 608
756 828
86 69
412 520
299 283
212 591
694 441
628 759
62 823
128 817
434 268
485 650
220 184
514 462
611 381
717 341
988 472
520 425
892 932
945 543
566 156
485 259
948 112
370 361
286 497
177 719
117 13
720 688
196 586
149 158
966 218
850 954
41 369
378 285
652 674
827 218
829 311
828 128
774 197
488 59
46 16
129 162
28 848
201 575
433 349
732 399
918 581
704 959
302 81
243 953
755 421
522 935
731 350
415 504
898 902
562 943
918 42
456 297
889 656
872 674
357 603
72 274
536 127
584 189
207 826
141 313
246 15
600 328
364 14
831 261
915 744
556 184
785 11
481 26
19 704
699 375
658 122
648 193
248 232
381 454
409 874
119 7
888 718
334 603
731 517
215 997
612 770
533 749
133 365
774 151
68 472
877 725
593 876
270 840
459 2
645 868
875 115
226 114
184 911
716 914
779 283
263 391
404 795
511 912
38 578
735 914
302 679
142 571
518 600
573 514
467 799
981 44
265 164
955 332
430 733
614 692
475 18
838 613
905 348
876 943
925 610
208 578
640 349
501 509
949 425
23 767
575 355
163 839
518 117
171 947
201 136
638 28
153 827
640 410
174 868
352 450
829 911
380 469
612 232
977 912
8 351
678 582
705 840
773 223
308 943
521 861
430 511
888 935
337 879
344 863
98 47
664 927
957 43
747 920
626 723
831 633
426 509
215 130
700 987
704 360
281 225
572 62
735 459
996 423
689 339
285 787
385 949
713 694
343 459
613 969
533 444
601 958
304 167
440 355
505 143
66 785
719 637
847 805
447 194
228 136
533 864
922 269
812 986
314 507
796 279
475 680
722 75
638 377
594 77
83 98
571 149
883 642
785 81
798 232
274 25
367 158
241 640
779 404
977 92
910 772
370 384
451 443
811 440
819 404
868 254
501 791
402 735
784 186
167 581
769 793
606 487
302 198
478 80
601 454
172 511
577 541
246 380
336 408
819 506
811 39
759 664
181 160
750 964
698 269
544 466
61 501
305 362
698 782
794 299
236 965
161 812
857 406
543 192
814 362
50 976
752 808
991 932
320 741
895 17
9 438
834 421
939 138
134 988
920 927
286 507
243 446
670 100
204 213
643 17
574 692
344 677
852 335
608 171
427 854
187 435
643 372
207 933
510 340
921 781
619 558
287 861
4 956
960 559
168 955
927 93
998 270
769 849
956 728
371 382
933 557
168 576
281 374
508 790
66 780
570 684
338 208
544 693
163 856
251 683
162 177
775 511
798 896
360 754
975 82
487 908
991 655
835 271
380 694
60 797
474 981
480 163
188 376
855 702
583 105
736 744
633 511
254 430
758 965
535 84
47 22
343 37
28 177
307 407
223 718
556 48
50 35
210 237
410 64
290 344
520 26
87 152
888 693
933 997
657 820
80 55
193 775
91 220
303 749
978 525
818 533
572 867
103 681
196 745
25 67
122 111
218 361
803 503
357 812
322 788
866 866
562 309
85 865
57 414
741 875
947 665
93 218
797 548
898 345
292 922
411 765
385 981
125 539
483 481
350 156
620 216
21 182
876 457
46 284
870 138
510 168
802 603
737 599
150 635
943 441
908 353
205 292
685 681
831 519
161 180
674 780
747 46
313 622
854 710
258 76
848 767
595 649
369 332
247 518
966 541
310 873
246 866
517 930
546 347
449 58
878 474
190 625
872 502
598 77
212 855
152 59
622 747
59 342
430 658
860 747
198 521
971 795
387 487
725 284
833 525
342 63
998 531
687 221
32 636
298 595
491 449
5 464
547 64
805 328
721 16
74 270
537 45
65 275
531 141
558 716
665 251
778 14
781 816
235 165
803 884
111 645
684 116
108 231
531 265
558 603
280 984
224 168
28 288
794 910
780 352
977 444
954 106
810 87
921 396
603 76
279 713
720 962
180 828
544 62
444 454
664 75
437 888
595 464
527 388
725 659
91 702
102 45
807 263
131 80
658 733
155 936
797 874
250 977
53 793
38 848
246 54
923 682
941 517
497 819
904 222
477 995
275 931
391 433
193 521
512 203
605 18
138 401
244 387
377 648
532 767
496 777
820 770
811 760
286 659
930 541
880 759
887 506
41 277
939 233
149 802
787 753
172 925
154 767
663 882
414 194
648 261
323 467
30 133
578 315
791 860
208 23
618 94
880 658
371 818
242 519
972 29
624 143
305 777
909 967
10 674
513 658
935 835
124 964
319 54
631 461
913 838
483 530
931 715
539 653
532 132
524 855
512 147
997 816
275 257
135 284
931 647
293 865
833 769
180 151
822 810
611 86
999 446
615 282
160 505
934 43
636 809
898 148
307 246
315 581
503 449
217 433
447 861
649 279
629 828
429 802
990 40
887 988
837 853
269 996
709 555
390 697
363 287
196 670
533 510
602 387
311 170
819 757
383 819
36 11
646 464
165 635
855 51
623 43
256 243
38 964
797 780
660 512
66 855
533 950
717 134
336 27
656 506
783 38
324 818
400 322
634 564
956 840
967 930
883 222
525 272
537 321
51 197
184 469
418 119
850 106
145 857
611 928
894 287
97 645
608 730
209 563
570 527
845 452
100 369
75 636
41 126
184 225
594 587
940 363
705 141
468 850
997 431
129 242
717 225
887 324
307 447
238 876
973 82
679 72
802 753
707 843
230 891
419 823
477 358
186 533
499 5
734 847
435 214
89 151
439 975
826 745
421 64
972 393
497 2
816 299
106 522
493 336
764 911
510 592
620 47
477 470
52 210
317 486
424 405
989 214
731 814
310 151
877 281
895 726
634 710
376 739
583 868
426 699
130 936
290 749
334 118
219 385
328 535
223 103
291 563
316 21
376 625
523 605
257 769
330 890
830 57
980 764
924 406
462 405
693 104
153 26
221 723
411 900
609 985
2 251
547 669
271 274
645 145
230 901
265 911
142 94
967 122
858 890
879 671
294 571
126 799
596 347
873 358
