1000 1000
758 179
259 811
196 714
613 647
830 670
99 605
377 52
907 239
411 575
931 283
450 552
312 910
218 248
574 253
75 823
396 184
2 6
994 197
719 958
196 901
628 294
857 356
345 763
594 107
337 877
389 139
780 52
400 997
300 325
601 726
148 348
261 149
354 255
697 424
212 244
324 191
538 180
898 234
295 844
693 983
720 433
473 851
485 872
847 136
197 799
213 344
146 473
844 499
79 892
923 291
136 598
833 25
130 731
610 424
574 302
758 645
735 231
495 219
102 693
706 650
491 918
345 636
390 540
487 469
432 761
111 567
358 295
943 487
377 552
262 950
854 20
946 940
250 440
510 703
132 215
353 974
132 49
962 873
589 448
693 372
560 155
290 917
450 232
404 826
783 665
128 988
36 73
927 285
865 436
988 348
2 692
322 133
92 635
358 32
434 402
403 993
557 692
909 358
923 664
535 58
681 14
397 716
439 676
353 303
111 692
650 113
735 323
597 826
957 306
858 390
708 260
734 616
304 643
325 578
658 859
987 338
225 384
406 663
59 758
965 521
801 966
985 535
289 582
360 597
239 569
339 298
829 72
913 484
66 237
61 76
448 48
413 672
431 170
334 841
279 650
361 79
615 346
613 255
279 973
204 517
541 542
815 721
965 79
204 383
316 617
458 115
664 222
786 446
392 471
286 670
472 646
101 438
991 713
45 621
37 248
138 930
141 304
2 105
382 558
487 49
174 296
163 189
518 300
634 909
122 271
930 945
916 382
383 259
95 427
879 483
26 368
764 166
23 766
270 405
675 109
805 848
404 320
388 273
971 373
533 445
643 463
389 910
196 771
520 290
549 751
125 574
118 888
91 493
5 713
249 679
821 53
878 576
724 617
201 695
989 733
139 983
547 879
893 743
2 412
384 550
514 508
476 984
748 566
476 104
278 724
783 450
776 12
378 852
629 578
546 617
662 36
600 209
914 844
951 915
607 334
817 121
194 644
456 941
209 931
396 839
654 178
640 781
542 17
632 170
946 529
138 608
564 89
816 830
284 118
744 891
451 912
363 996
555 818
288 116
100 684
954 753
213 945
885 754
962 869
923 259
749 413
218 313
501 385
142 785
502 237
27 305
501 741
300 55
558 940
522 657
623 475
761 835
420 997
941 733
217 215
343 966
627 561
630 480
945 771
616 799
359 642
103 211
734 754
266 291
693 787
299 667
614 411
854 385
759 794
469 976
8 163
941 987
75 570
466 20
692 433
170 402
74 272
613 807
377 230
449 70
368 99
88 333
509 941
69 619
86 537
594 446
52 886
432 126
455 249
497 498
681 666
252 106
289 216
264 666
445 712
87 164
162 174
497 22
467 565
640 904
454 234
349 857
471 780
982 278
28 479
775 708
496 26
165 137
241 428
802 37
139 240
201 652
765 49
673 583
965 313
487 770
898 835
626 368
615 960
645 994
790 420
54 637
797 218
773 390
646 574
778 136
165 330
788 930
730 460
512 47
124 998
816 21
833 794
389 799
105 385
144 894
156 197
530 953
767 303
694 412
228 823
547 393
505 686
674 234
498 537
280 621
535 448
642 719
241 382
869 345
766 12
590 922
561 471
226 327
125 271
90 353
445 988
97 949
674 122
183 171
658 814
143 544
261 136
614 501
517 482
197 635
846 138
908 758
609 485
84 733
107 173
437 551
160 533
852 185
6 34
707 664
199 850
559 460
985 173
312 854
6 509
840 851
646 99
960 606
583 43
339 41
567 775
591 79
660 794
615 17
179 322
680 378
523 591
837 507
763 148
712 768
8 551
971 6
649 930
611 583
325 301
623 243
428 566
673 439
359 288
455 538
961 487
915 483
77 751
989 839
250 53
958 258
603 928
263 604
210 225
186 534
526 161
776 953
78 801
391 788
88 197
325 48
683 591
882 759
693 222
597 943
274 907
552 877
834 166
832 43
390 369
928 915
881 56
219 958
856 609
746 295
158 422
694 840
13 575
599 57
796 547
351 70
453 902
298 639
67 481
681 457
849 609
723 730
664 942
687 871
902 784
165 59
206 858
899 218
432 849
274 579
747 625
648 200
878 297
190 945
777 870
753 978
830 827
707 845
120 745
715 22
529 231
432 734
88 682
303 871
882 576
450 629
552 449
180 782
98 369
78 874
590 830
851 772
8 909
616 128
654 683
149 182
265 932
267 353
614 569
575 495
144 376
475 48
825 654
829 922
374 258
147 964
439 350
735 446
258 702
573 263
736 73
444 1
357 710
705 970
630 631
816 126
7 643
173 183
296 353
456 670
610 602
985 48
303 71
845 561
772 418
823 860
842 619
212 198
680 916
519 310
546 687
435 904
329 959
86 624
311 541
645 272
495 629
671 797
699 867
709 823
284 532
682 478
502 893
27 181
160 546
490 57
232 276
313 560
234 398
535 896
291 532
167 137
512 189
285 563
56 994
385 691
877 418
168 378
662 195
558 173
92 400
581 675
675 893
586 909
291 120
804 933
3 323
69 515
863 705
77 918
698 813
609 574
230 128
303 243
674 213
415 117
612 995
791 638
888 376
898 530
848 54
814 850
728 234
364 590
938 792
508 636
604 468
561 833
947 864
427 973
76 841
89 39
188 232
676 427
607 926
956 454
979 121
656 58
354 19
647 291
163 506
926 766
325 487
951 272
702 377
596 777
570 36
815 109
267 842
535 226
767 842
31 97
962 686
154 315
57 153
605 219
658 883
984 983
721 934
606 422
663 201
550 232
588 364
340 855
557 226
80 676
67 110
772 380
148 278
694 204
782 650
422 439
884 757
773 604
43 378
377 705
930 926
288 518
641 979
724 198
204 155
873 622
616 996
1 763
625 46
318 406
47 91
197 931
848 969
886 890
699 263
946 980
540 233
497 181
563 572
730 118
726 954
739 694
301 91
808 926
488 126
683 886
216 879
816 415
200 54
304 898
316 601
877 207
185 726
387 747
649 116
864 727
421 954
420 722
396 227
647 235
352 681
121 920
560 288
334 111
341 990
8 656
590 236
215 775
313 601
69 89
688 489
394 107
210 790
685 208
24 389
889 496
308 800
784 993
262 124
982 621
132 924
856 346
50 521
298 922
482 366
362 521
207 756
979 416
545 663
976 920
51 216
416 710
367 551
703 628
674 36
248 157
311 455
502 360
975 800
634 808
517 995
328 723
750 306
491 646
321 466
918 723
33 685
785 399
235 839
26 260
226 625
417 537
79 918
896 54
69 881
213 586
228 541
308 977
198 150
975 870
615 892
593 999
928 729
397 162
567 774
421 792
398 189
328 829
107 576
882 527
808 94
112 35
986 772
364 536
921 338
405 888
581 997
886 508
725 635
21 643
408 793
435 158
982 114
986 440
689 219
966 497
664 430
883 650
201 246
185 121
935 589
8 515
938 894
374 14
528 746
657 287
539 443
444 872
556 429
311 597
999 628
445 663
57 327
312 257
573 848
378 507
788 737
374 725
982 99
91 861
845 99
148 735
541 943
606 448
724 916
396 722
543 840
384 600
167 47
208 91
894 585
949 682
674 322
758 655
773 848
516 617
946 15
351 838
957 956
638 32
223 33
754 117
873 489
68 391
536 276
481 429
860 429
110 533
103 868
540 875
67 407
843 365
421 545
202 729
500 191
761 74
224 866
190 448
354 258
838 889
533 670
318 744
450 779
629 904
998 168
778 65
574 972
781 346
516 334
74 367
525 186
440 748
51 982
195 405
591 384
645 123
53 314
218 502
93 846
406 442
365 535
858 290
507 638
635 374
972 61
741 496
598 532
243 649
513 789
405 103
172 401
577 576
715 795
429 807
992 186
248 709
73 458
998 931
95 985
304 66
397 44
561 994
576 155
994 440
295 750
543 818
151 119
745 865
265 174
23 609
359 622
317 783
79 666
713 174
650 17
591 398
412 504
744 339
658 89
779 305
839 673
122 341
143 867
557 760
392 579
368 102
552 684
885 631
349 597
156 351
965 746
100 729
601 843
67 611
284 197
915 122
869 388
814 364
606 370
123 997
300 490
99 851
525 335
481 225
283 988
927 248
86 27
328 686
221 746
296 504
943 210
977 163
950 790
526 555
511 1000
552 810
489 2
661 365
688 493
590 970
481 516
569 918
542 896
603 115
642 899
618 936
460 947
98 761
736 976
316 599
975 219
408 816
572 68
180 259
561 121
580 393
637 149
310 530
396 912
644 389
162 614
324 974
560 774
734 647
101 401
245 75
619 5
242 190
72 774
800 984
894 380
376 882
528 37
412 275
301 407
664 814
372 987
787 283
112 873
930 212
273 526
639 244
530 880
433 954
5 585
937 251
964 665
132 491
701 895
765 1
654 428
815 25
767 953
308 878
177 589
90 450
466 728
45 348
959 829
301 316
413 589
566 376
253 49
218 306
944 983
658 949
762 824
325 880
129 632
110 305
572 551
106 38
630 150
737 588
979 37
903 391
625 820
119 230
869 336
887 164
318 896
464 432
720 788
663 200
772 772
504 343
322 962
732 951
