10000 10000
5272 8022
6030 4161
2299 581
545 2725
2644 3951
7729 8521
7204 2196
3731 2223
8831 3109
7721 1598
6038 1479
886 5275
7138 2174
2023 2608
8298 5165
1678 9922
3186 4059
434 1837
4640 979
913 3635
1281 8642
2156 8484
7189 2238
7058 6019
5346 4779
3969 1383
6257 4854
3009 3395
3379 5032
2354 8028
196 4032
7949 9733
8090 8383
1569 2729
5713 2482
6364 6993
7475 8519
1829 4663
756 8886
7034 2453
3664 1002
188 6273
2207 3196
9667 1937
4579 2020
9964 4774
2403 7913
859 493
2647 8779
9573 8359
1260 5936
1703 5086
806 3531
6101 7913
8769 3134
6718 8784
487 6905
5056 2693
100 1074
981 4679
9446 944
5804 1848
5208 3014
8692 7854
1793 8265
2564 9404
4200 4267
4490 1358
4149 590
5622 9269
3723 2339
8053 561
5595 9460
9605 5695
6886 585
6725 6331
1528 8880
4530 6736
1894 3222
941 3686
1486 9857
3089 2037
475 7578
9746 975
4519 5368
244 4593
4058 4648
5153 9653
459 4757
1699 7344
5341 8423
26 6869
7302 4556
9956 5547
7777 7248
9232 5614
7104 8673
4002 7578
2602 3748
8553 7121
5467 5148
1713 9524
9795 6866
5528 253
7974 7226
7597 3315
2000 7622
6535 5654
8529 2842
1200 2657
89 6784
8270 7193
5456 2272
1122 4409
2371 6026
1529 7837
1173 9594
3712 967
2811 9240
7572 784
2817 5168
4098 4817
9141 6984
6822 4022
9825 8021
6678 6266
1156 1300
9810 2963
9923 931
7372 2293
6957 5252
129 8129
4845 192
5448 7655
9431 3019
4791 2248
4538 5240
3416 30
2224 237
4051 8400
4609 729
4665 2117
2028 4474
5079 1950
1757 2450
594 5065
4054 7074
9545 8898
7265 4992
2905 6696
4362 4047
5295 8899
9286 5062
8929 7861
5298 2979
6261 6258
59 7277
8374 2086
8103 9805
387 9859
2254 980
4923 6307
4405 4467
1557 1670
5811 813
4717 172
4859 6363
9071 4144
1424 4351
8357 3073
7329 4617
9330 7388
1893 4056
5825 6347
3860 6212
6205 2465
3543 7479
5124 4300
8298 3032
5969 4108
3844 7037
4279 8702
3399 9701
9197 4822
4051 7553
4246 7732
8521 9927
5119 6766
3982 7295
3112 4193
9858 9317
3010 9753
3147 8133
4052 1444
1164 20
5551 5007
7056 6182
60 6806
5882 5608
7979 6285
3161 2224
4016 1681
2150 9134
8446 2484
2780 7910
6676 2638
3578 6037
2390 6724
4169 6441
4520 1684
2812 70
3042 6219
2603 9453
3024 8485
5061 1002
4769 8221
3225 5136
6253 1726
621 1051
4209 3400
5312 7237
6037 8889
3273 4778
5612 3794
1218 131
1829 4029
6553 4871
6599 5507
4323 9622
343 9383
6975 1463
3955 199
6598 6560
8277 7218
3962 2485
618 9273
6073 3006
8161 5698
7784 124
5843 9001
6607 7671
9382 9511
2541 5980
5017 3216
1954 5360
8950 8928
6822 9257
5479 3420
5816 3755
6989 6129
2591 7606
5401 8664
612 9913
713 8395
6388 6555
3747 9346
4225 9480
8856 3118
5460 225
6333 3765
5584 5282
2692 8757
4538 8170
8528 6705
8276 5517
9185 867
3122 4585
5882 85
849 6594
8479 3589
9500 8578
2934 3724
8057 1790
3193 9868
2014 9525
3632 3949
1159 2676
9057 2048
7197 7585
8753 5473
9453 7937
2691 2574
8874 8572
9011 6074
1517 3841
9662 1016
2418 8948
1091 475
737 4284
342 9102
160 326
9402 1318
3001 8458
3366 6549
2394 8470
2021 1846
2758 4711
772 7983
9634 9782
409 7502
3622 70
8517 6040
9017 5960
2866 6105
6595 9559
1558 6754
9884 959
8072 9236
5769 7789
5785 8162
6258 7805
8 5367
8868 779
3350 4853
6912 3758
2355 533
179 7223
2924 5548
3182 5789
1652 9776
5348 9562
2882 1583
520 953
819 6288
8741 6603
4450 1350
759 809
6716 5978
7939 6417
7183 4850
6526 9537
1734 6705
3111 4658
2252 6293
6798 255
2420 8497
9816 5301
80 6688
2605 7250
2975 7697
204 3776
5398 7314
936 8466
9644 8874
4882 6826
3723 1408
2714 1809
4464 5824
2818 3067
8468 9615
3321 888
4464 9489
2540 895
6176 1497
8144 5502
9193 4699
9278 943
2012 213
9408 8007
5439 4289
4832 5513
2048 7545
7321 6511
9721 138
5929 8188
6105 9250
5427 568
5090 4319
1462 1265
5815 5957
6766 1359
655 2395
2301 9018
8960 1708
7025 750
2349 1856
6262 748
5753 3583
3611 5473
72 9539
12 6176
5140 5439
3095 229
9757 4556
1493 5571
512 4611
3281 7518
3357 5582
6536 8668
3641 3560
9417 2341
1767 5679
3089 3871
5613 6699
5695 5684
6237 5707
8212 1377
7497 1306
7957 7253
5862 9450
9175 2725
412 2455
243 3768
4388 3130
8788 4381
3041 8204
6721 1159
3882 9809
5030 5846
6507 7076
1530 9096
9134 9741
6824 2982
7398 4780
234 9611
581 5760
2336 992
4567 8930
1112 5306
8411 9899
9686 1451
8102 6407
2609 8336
6215 3990
4181 9074
7418 2062
4521 6551
8154 1344
9533 5552
2475 6118
5162 3056
8230 3849
399 2796
9130 7862
4453 7540
4112 4139
8990 2214
545 7951
6901 3111
8292 7433
2184 5709
9495 3056
8612 4000
751 4496
9551 3226
6965 1065
2633 5194
1265 3031
4341 395
7245 8794
7934 1356
9284 3276
9921 9828
7578 6821
2938 5869
606 1474
1578 100
881 6541
451 1632
7388 2
4857 4352
7418 7489
5898 8682
6871 238
9076 467
5383 3362
1823 4666
2989 1743
845 566
4916 135
6434 5521
7960 4363
1972 8840
7255 2422
471 4642
8775 5327
8994 6192
9167 4891
1226 2390
1480 6653
2856 3215
6366 1030
4232 9354
2773 5077
9919 7688
5211 2705
3208 3170
7067 5179
2009 4322
7600 8832
8963 2727
4158 4308
8918 9677
5550 6495
8418 7030
3148 7625
6596 9513
8655 827
8867 7779
5903 5137
5466 7465
7841 5025
634 4908
6555 8995
5581 506
7826 895
3232 8335
5203 8502
4363 752
4996 9132
4133 8143
6757 728
4008 1763
1555 9226
9541 3809
4362 1358
1274 8555
6382 8259
9814 2936
7253 5394
9793 5078
2640 3025
9765 4194
1526 4127
1298 6521
3259 5430
1016 6367
2510 1375
8129 416
600 4021
4224 1313
5378 1849
9867 8111
108 9680
7398 7360
1425 7190
8790 4065
6566 8554
8258 8091
9032 9555
964 8642
1337 8331
5008 198
9705 9488
613 6656
9860 1188
7968 1589
3037 4187
9699 9496
218 3448
6855 1643
6990 1996
2059 3555
6901 316
7998 2285
6223 8961
926 7559
7291 2286
4108 3347
1773 4720
2 7985
2259 4321
9573 5295
8507 5624
1142 8725
9071 4349
6719 6060
6344 8777
5967 9597
9092 3964
1881 1666
9276 2806
5576 2918
1443 9683
6264 9568
4402 6265
7552 6661
6937 7124
8307 5444
2747 5801
520 1818
149 7238
4229 6492
6014 195
2440 1457
510 4320
3123 9785
3478 8698
2702 4920
8381 8965
4487 9134
1581 2038
2146 8518
5514 6805
313 8260
2605 832
6429 2753
4421 658
9244 434
7204 8036
1890 7714
2355 1364
3850 2184
62 6552
3456 8442
1868 7942
3927 9801
6332 6073
4670 1845
2877 4982
6456 5481
2165 2885
8233 6585
9894 3828
3370 7097
1863 1611
1162 570
2975 5012
2753 3036
7915 6208
7829 6134
502 1755
5934 3185
4179 603
1381 7055
1936 7836
8887 452
720 7119
7036 613
7299 6757
4062 5513
8368 1575
2434 1342
2938 5187
4377 7204
7746 8557
3338 4599
6663 5623
4135 842
2578 5515
4248 4513
3351 3135
4965 4070
6605 8352
1035 255
5109 1448
5768 9828
9374 8201
1169 2312
9739 1897
9515 3837
453 2852
4787 3467
4827 8922
660 7404
4436 4908
1916 7786
4394 3232
8208 998
7936 5594
1253 3044
3393 3372
2871 2766
1572 391
5077 7663
2287 944
1499 9091
147 6285
2557 4973
5206 3217
2376 5994
4476 644
3779 8869
3875 8338
9866 1810
283 7470
1205 3675
841 427
6441 8765
817 1517
6427 9455
2460 7925
4897 2607
561 7454
3931 2119
7022 6307
8112 7849
6950 8242
6717 7176
2932 2934
8986 3214
404 6542
6889 7596
3321 3329
6360 489
1197 2786
9944 9
7062 1192
8967 7623
4997 2897
9741 2018
9203 4204
6218 2504
8797 2934
9680 1728
2220 5017
4942 2623
1558 1830
6570 1230
1510 2930
1719 2706
5715 8014
9066 2777
9205 8032
6751 4202
929 2843
2571 6483
7046 8789
8987 2194
8074 5018
3922 293
34 8863
9267 7943
7044 5837
9173 4905
8766 7243
3962 832
5256 3028
9960 812
1059 6710
5013 8339
5904 3936
4822 9301
9076 160
1495 7149
5177 5416
3794 1562
630 3060
9504 4025
5248 5028
8929 4013
2270 2890
1197 3877
2269 7508
4689 3328
570 6053
8018 6473
9988 9191
5774 9063
9350 7268
2564 878
2683 6357
8791 9664
9416 4647
3688 4664
9674 8968
5028 8296
8209 2576
2172 478
84 6860
157 653
2913 8174
3477 9252
7365 9250
8315 3066
6517 878
296 5551
7234 9086
1566 3001
84 5253
4016 9758
572 5396
8053 8781
7971 6576
9258 4406
3436 9414
1410 2700
3939 4887
1951 7655
4136 6617
721 7005
3846 7368
8907 7431
2805 473
6784 2889
5725 799
2646 2649
6194 7050
1429 517
3625 7038
4922 3412
2803 6332
6111 6741
1218 4414
4396 1705
7382 1468
8709 1228
8835 7616
5010 1639
8088 1793
879 164
8944 9876
2812 5137
6925 592
2005 6902
7629 6927
313 431
9610 2776
3524 7179
3541 7919
8883 922
9386 3944
8501 4572
7911 9863
6210 2350
1655 7089
2513 598
3316 1677
2087 241
8620 4091
3494 2601
7369 3806
3031 3330
2933 6554
508 6473
824 5743
3747 209
6038 8599
4780 3948
8461 7342
6297 116
782 5161
7065 4097
3189 5503
689 1809
9594 4182
4409 3314
4340 3791
6644 7272
6697 3503
3745 7520
9245 3843
4081 1634
2441 5212
5581 902
8905 1877
7369 9686
3390 4433
135 6578
6288 7175
4738 2233
1357 9146
5546 5696
9289 8541
9319 2337
2044 9415
9856 7640
3257 288
9274 5698
1852 1206
6599 756
3083 3967
6794 2824
4751 3280
9401 1038
454 4139
3270 8162
9636 5168
209 8924
3708 9528
1260 2103
8942 7468
6095 2199
4107 5368
7896 2310
2925 846
3066 2359
4812 6211
5182 5914
5842 4583
6952 6295
5073 6573
809 4708
8092 1017
9984 8152
544 7595
254 5838
5062 2700
8036 5521
4419 2283
7830 7344
3128 7247
9702 4291
9809 4884
204 5650
5818 3507
1945 890
6432 2753
5597 4523
121 1932
2674 665
9527 9280
6502 940
1979 889
2812 6398
9523 642
93 2650
4240 9794
3292 4049
1029 3495
9698 6846
7002 7994
7735 3433
7098 9684
4307 7219
7967 6981
4235 7493
2612 736
4785 4590
7976 7596
7339 7498
4589 3783
6499 8829
3577 9790
2877 4605
9636 8926
7803 6637
6920 1889
6421 369
1572 728
7587 5891
4060 1821
3383 6671
8908 8167
7612 3235
2115 4951
7084 6703
8733 3582
5531 8661
9723 4759
9618 9359
37 7420
2347 3308
9308 5120
3676 7232
5847 1263
3122 9906
9435 2856
2928 4695
7375 539
7929 9489
5489 5013
6191 574
4946 8074
5586 4669
9184 5203
379 9220
8974 9077
2527 4634
4196 6203
8217 6394
3817 7690
2651 9603
545 5578
4297 4271
6117 2226
3759 7957
7238 6302
4882 8535
4375 468
9555 3558
2022 9933
9130 996
5362 1656
1981 9557
4210 197
5951 4378
7886 4953
3981 4782
531 8277
9053 6647
502 9163
4603 4091
5464 9485
2626 6190
6304 8532
6100 8325
4817 5229
5672 178
3236 7652
6086 7446
4200 8388
1823 8437
3341 2155
3219 3871
432 8623
6869 7285
7785 1471
1376 9601
7307 353
5790 3610
8884 1889
8287 52
3469 3958
229 3057
7962 6315
502 2161
4702 8676
598 4394
831 168
8264 7614
8790 5132
4898 2926
2955 2625
2526 6613
9329 8316
6575 4565
6556 4861
4616 6377
5170 1197
9433 3131
7511 6286
5292 8564
1313 2241
2958 2143
2408 7573
6108 7549
9057 7358
474 2011
9982 3000
8623 5663
7667 1549
6579 574
6409 1194
6950 1579
2390 6382
1061 6252
9019 2704
4816 332
4944 4125
8826 3703
8049 4934
7603 7105
2291 8077
9115 8624
7428 4090
638 1446
5638 7216
2019 8399
4762 8969
6329 7151
1702 7389
9755 721
93 922
1052 1388
5046 9877
5091 3094
1162 2693
199 9804
7121 5665
4780 900
6106 5417
2345 1744
2633 4364
6494 7394
9684 2822
896 1385
210 650
8457 6654
1571 5860
8042 2968
2089 3132
2414 3250
2176 2612
3054 5649
4628 7833
6548 734
9601 5245
8829 2233
9608 1674
5978 5643
4495 3226
3379 1056
3875 1836
7710 1798
4047 2103
4765 6135
1586 7178
9385 3761
6141 8790
5761 7121
2974 2309
4206 2574
7553 3034
1159 3512
4707 3488
9154 5553
6713 2532
6608 6940
719 669
8737 4766
2771 9853
900 708
3383 6636
4469 9523
5425 6581
2995 4750
8889 7200
7324 2793
233 8482
2656 1291
1969 8161
6843 8682
693 9803
1973 7763
6823 709
8880 5946
561 9780
6653 3943
2767 7473
9818 4544
4054 9164
9293 9294
6364 6616
8439 2948
1449 1094
4239 9770
9255 7433
4803 6299
3587 6775
413 6762
3835 9293
2707 4395
5424 5711
4690 8190
9536 859
9085 3589
22 8378
9234 2737
1345 7672
5685 9146
5118 6275
8915 724
59 3717
3374 3646
491 3786
6759 4325
3078 5817
5071 8501
1527 6112
3043 7414
3322 2127
1002 9696
504 6588
2432 8201
611 8116
7346 5728
4390 6260
2803 4449
6328 6176
4446 3170
9962 1204
3846 3039
7020 5268
7892 4898
7732 934
2312 1053
9412 9665
748 6268
2604 9532
4468 3215
3999 8165
5294 8389
776 8097
9189 7103
4272 9986
272 4233
7541 469
3624 912
5736 7867
2161 3467
5152 4472
872 4563
489 7971
830 9444
7502 1649
2658 1501
9813 4304
6241 588
2400 1781
4042 3023
1766 665
3608 9306
1133 7231
6569 3221
1449 8729
6687 6600
9553 3910
7514 41
1881 8344
5836 9382
6344 8494
7234 2509
2797 3474
3096 1548
5254 3490
4570 3371
4154 8177
9028 5287
1759 5596
8507 3207
4325 1545
6158 229
5455 3672
6621 7335
8367 2456
3068 4710
949 302
7218 97
127 6666
7996 1733
155 2566
5103 4308
7094 483
5946 8853
6078 4452
8411 6754
2349 921
6982 7803
4592 3602
1489 2958
2410 4556
4019 3358
1209 1237
9807 7688
7902 7802
9420 4408
6719 874
5067 3813
1356 1013
9017 3786
1816 3779
539 4164
4699 3873
8318 9290
3826 9806
8599 6235
714 2618
5945 1922
3854 2103
5961 8107
6256 5380
8866 2975
6254 3932
3139 7609
4944 8507
1394 6760
2285 8285
923 6984
8509 5593
2625 8686
5398 1224
1273 6111
3841 3569
4385 4046
5671 345
8504 8278
2077 7369
7604 8330
1300 742
2290 2596
9248 36
9355 1533
4672 6629
4868 9532
2221 3844
8217 3971
5067 5841
6433 5259
9409 817
9304 1431
7514 7807
6061 5942
1527 3664
4271 2827
4406 2912
5422 5
2947 1128
7889 3970
4108 2756
3501 2681
6600 8070
6651 8018
3910 3083
3277 9671
252 8932
7453 4117
6739 3513
58 4617
7177 680
3795 7934
3591 5568
7938 2890
6695 5827
6859 7155
4934 6712
9835 1533
4781 6485
5903 5042
5919 9179
4712 6170
8110 8517
6638 1200
2029 6695
2169 5557
7374 5963
3490 7317
1531 1428
206 8225
3606 3416
1731 8539
127 1565
6424 4907
4401 2326
6301 320
1504 1012
2841 5965
5880 9479
3517 7909
6173 5685
9817 9899
1647 3307
7215 3177
1086 3772
7754 4691
7187 5836
3229 7314
7401 6004
8572 1801
8329 4872
8472 6184
2236 1313
8501 8115
791 2017
2375 3315
4053 2192
3213 5699
1850 6779
5228 2935
550 9333
3977 7737
5168 3557
5050 8920
9561 3621
721 7889
8493 9192
425 728
6856 8925
8842 7646
7293 7569
961 1345
9760 525
3395 1609
7304 4974
895 7853
4306 4871
1941 5826
8427 6990
4745 7987
6963 1817
2228 5455
7361 2652
2534 4216
1576 7727
8214 8868
5295 5526
6564 1406
2402 9958
9366 9705
1284 260
3910 5589
1482 5850
7766 9909
9192 8863
4247 6154
7031 2826
1608 4391
5477 493
4959 3404
8219 9524
8623 3514
1401 5186
4919 3802
1496 4285
3507 2779
896 3768
4719 2378
5969 8837
8638 5160
7699 2884
1313 4729
5710 9272
5472 7538
9764 6782
7294 7983
6305 5916
7848 7705
7454 9118
1506 5301
9754 1364
8079 650
1483 9149
9379 7452
7985 8016
2611 2035
7251 3924
3116 9312
3195 4939
6850 2959
1720 4143
7293 4376
6410 5140
8432 3863
4257 6289
5515 4011
7653 3593
1012 5487
9094 390
2938 3430
8405 1901
5465 2007
2176 4932
1319 5370
9870 4520
4680 1589
5014 8324
5964 1423
3463 4395
1638 4072
683 7152
4434 4687
7097 5445
6526 2542
2186 5815
5971 6942
7715 7787
8948 9890
2718 266
1612 2587
1137 2643
527 6150
967 6490
3925 781
7236 5562
1204 4271
9065 5637
5309 2513
7433 8186
5054 9618
4001 7377
2911 8067
5163 1859
7957 7881
8476 5920
467 9613
4914 994
2114 2232
3835 6038
3013 7423
7951 568
8045 3368
6205 9705
5880 9989
7891 7286
5959 1891
4662 8869
6309 9824
727 4265
4056 5555
6536 4523
1519 1450
1868 3632
3681 2054
6022 3045
5828 3972
3613 3872
7339 6169
9929 9571
6157 7819
3208 8467
6061 4221
7336 2369
4044 4414
2986 8100
9968 9521
8974 7838
7322 7193
1470 7355
9246 7491
6751 5074
7814 6715
5297 1505
2883 5225
7427 5392
3043 634
3858 5455
4854 7545
4176 5249
1959 7161
9700 8278
3033 8673
6116 6707
5865 3937
4061 1463
7779 7163
2888 5592
3878 8184
7096 3112
3409 4522
4855 2803
1507 5065
4610 6360
2609 8785
7961 919
2297 7660
9197 5329
6333 5312
8387 8549
9248 2447
6363 3378
5962 9250
8969 9839
7434 2417
9302 7194
3290 4157
6348 4797
9221 957
7508 8181
9741 5468
9100 8389
3128 8296
3718 5812
9959 2104
712 5558
903 7075
8935 6864
6324 7903
3054 109
6671 2355
7302 9961
6511 2
1109 2083
958 8616
264 7051
436 9363
5439 3563
4010 5508
5726 3968
3964 6437
9525 4866
3511 4811
8081 6187
2713 7486
2647 5736
9840 6301
5696 2703
6302 6804
4785 7259
1771 1400
4309 2206
7114 6100
2120 1123
1607 7845
1442 5570
4282 7318
6787 4144
2128 1219
6682 1193
8704 9329
6928 8544
5629 8975
7598 1930
2130 2382
9188 3900
134 9849
6106 7247
2300 8225
4722 3906
2422 6163
5828 6703
3481 8966
7198 5608
185 3880
3152 5240
3208 79
135 8836
9053 7732
7117 7534
6466 2656
1434 6599
8856 3891
3845 1155
8467 8566
5061 888
1081 7240
3942 4561
6205 1140
6520 2741
5019 9672
7981 4578
6102 8115
3413 1507
5847 6881
9040 2312
9536 6825
5262 8392
715 5458
9546 5534
376 958
2773 1456
8197 6715
2368 754
7854 8887
3494 9224
4910 1474
3801 7364
5941 3565
8870 8139
445 4261
6802 9980
1086 2063
4723 8152
7520 4269
3685 7895
5226 6458
5702 9775
3172 8069
6880 7377
3308 373
2952 8217
8199 6752
5580 4139
6668 801
2277 7112
5062 9078
3443 6147
7492 8166
4298 5011
8786 4335
9258 4011
792 4959
137 315
9380 7016
4043 2687
3741 6994
903 1939
97 2835
2429 6764
3635 1057
227 8696
134 3669
1194 3977
8186 1844
5339 6971
6178 4596
7334 3321
5907 3822
3635 5286
838 4029
7972 930
1022 5226
2868 1118
8060 1648
4233 8047
2704 4459
3094 9189
4479 640
3165 2665
2483 8503
5987 5012
9451 9672
8332 5357
3494 8318
6994 683
2346 4965
1612 3367
6542 4479
836 954
6126 5068
9000 5181
5878 8445
4369 356
9084 7533
9372 7918
2387 1711
2929 1837
1382 1260
3545 4875
9577 538
5557 1922
1854 3520
1640 8396
4350 8827
9349 475
3894 8348
2007 6123
3144 6375
2831 2228
259 8554
145 2646
264 3074
4482 7998
685 4379
9224 262
4916 1133
8535 6770
4652 175
5165 9002
9001 4513
5828 9247
9212 7835
1721 8707
4209 4551
934 4468
3105 7431
3465 9720
6856 4298
7717 7540
8676 6941
4153 3592
8073 2688
6713 2724
9214 1877
8077 8214
2741 3905
3812 8304
1739 5533
7010 2299
6435 4296
6766 9539
8078 6582
5611 4933
880 3327
8824 9555
6619 2977
9498 1043
5664 6210
119 4877
4438 8195
9442 3530
2099 9606
8185 3837
1490 5195
2488 7924
5842 9253
3815 3919
2187 9425
8851 3066
9103 7674
8972 2074
7002 4822
3116 2665
7383 9586
3893 8173
7781 9687
1702 6231
5644 9887
6420 7133
1433 8907
1408 7274
4511 5222
1192 6697
998 6394
6114 6453
419 1438
8526 7421
6259 7993
6437 9993
7579 6682
8165 1711
6368 6219
7941 2011
2457 4360
5495 3889
3266 6902
7514 4129
8476 5057
825 9473
7802 6939
5925 8220
4728 802
1992 986
8795 8429
978 6373
5110 5495
4435 7829
1713 2375
9839 4169
3087 1685
4409 6352
8586 8274
6832 7061
3330 7657
2886 1131
947 8810
5702 5674
9612 7694
3011 4758
6122 340
7482 7583
5834 1916
5411 3898
4290 1601
4418 7376
3285 5178
80 8222
3451 6911
1635 3132
919 4520
614 8217
9681 6316
3890 5644
4009 3252
401 6482
3592 4234
416 5777
6149 2178
6027 6791
3778 444
4166 3414
1974 597
7987 1776
3860 9621
4908 1130
492 5521
9347 6525
8188 3236
2168 8548
2840 8921
1381 2783
3154 1796
8559 9303
3973 937
2445 4102
7733 2962
3867 9706
3559 1854
1481 3770
7826 2740
4899 4670
8261 4245
1194 2800
3833 9713
1348 6672
8633 2728
9454 8139
4524 4364
3793 4848
5301 6237
8950 3033
9198 9168
9090 9108
7373 570
2877 1551
3310 7776
6220 7922
8372 3765
721 2204
3477 8420
5227 2110
1148 1032
6600 2023
5396 392
3222 7048
6628 8523
6432 2177
7691 5521
1285 5063
6090 4161
6613 5751
8288 9184
24 6660
2948 745
5215 6425
5516 442
4886 6663
7825 1485
5037 3220
8228 8259
6619 4855
6781 3050
3383 4471
4922 4667
5886 1012
5180 8850
3114 3467
8034 3138
6478 981
234 8045
3757 5749
8486 8642
8764 6310
6478 3800
5882 4705
2058 8852
9559 5191
8254 9294
6013 3175
3960 8250
538 9139
7100 3652
8958 5133
3141 1787
2465 3374
9831 6222
5474 4668
1215 4237
7330 7693
8037 9563
2397 6446
8414 8308
7988 6667
7601 4001
9842 1560
2250 379
7051 5701
382 2360
7185 3522
4146 9650
3247 329
2223 8721
4996 3437
2957 2325
1129 7345
1887 9878
143 6653
8185 8130
9671 5785
8482 9512
3696 7084
6243 746
2784 2976
9457 9969
6498 3603
5970 9744
283 8192
8464 5278
7980 7773
3955 5461
5117 2193
5338 5259
5197 3522
9741 4868
9306 4574
4379 3001
1657 6973
99 793
9949 9555
761 2798
9509 3082
8893 9791
1273 7357
1421 5604
1481 1727
1064 6597
271 6401
8208 5468
9922 4300
335 5579
8873 1065
4932 6882
4390 5030
7674 690
936 4786
3487 445
4219 2379
6587 5491
6087 4359
1094 7567
2437 8510
516 2708
4910 5075
8175 4832
9374 4861
6762 4598
5925 1693
7831 6666
3074 5504
7355 4010
6641 841
806 859
9572 7392
2701 2010
8103 147
5929 539
8656 6444
3246 3565
7870 7772
4748 7243
2632 1510
8192 4909
9554 6023
1574 2628
7878 8929
2989 4519
6121 3794
1729 2044
7537 4430
4054 5639
928 6334
6178 9583
2777 9423
9499 646
3547 4247
4240 6178
2108 2431
7438 8013
4805 9012
6992 2683
4292 9980
3553 6764
3773 5281
8808 1310
6062 9213
6948 6989
5546 9477
2923 4674
5252 2422
1671 8798
3020 5910
1327 1479
4692 8765
9491 5849
4128 6483
8531 8419
2814 8435
1534 6587
3715 6693
4248 6129
2257 1195
3117 7802
7024 2392
8827 2275
4813 497
1072 4184
2758 2398
5662 3802
1162 1504
6002 1641
4338 4532
59 7152
2966 7945
90 3032
4637 4337
9160 6894
1883 8629
1047 8906
7372 6226
1180 8536
3074 2251
2719 2184
1001 4732
5985 8514
2587 8338
155 6925
2869 6565
428 2186
4509 517
1569 5498
4853 7081
8743 6735
2061 9789
5641 9432
2366 3172
7967 5440
1775 7037
7623 2775
1768 9959
1288 4354
8296 7794
7630 7516
4359 8057
6053 8867
8573 3973
4364 9777
1053 3106
6512 3113
9247 8504
8896 7964
1675 6862
3403 9801
250 7377
2575 2017
7335 215
2723 1982
8008 352
9497 8718
8409 1901
7585 3333
5874 8300
3110 6926
7758 5973
6391 3356
4476 1638
1319 2502
4852 1074
2303 5101
8450 1229
7118 2137
7795 6192
4118 2155
6543 9967
872 1303
1867 4808
4636 4092
9460 4097
7370 7217
69 3760
572 896
1749 8242
3397 6600
9315 2051
1701 7765
9632 5170
6253 3778
1361 370
5932 4255
336 3156
5558 8555
7963 6545
2646 7422
641 15
990 7061
126 1561
7956 1875
6155 7704
4826 1821
6107 6526
9585 5738
1695 2189
9515 9407
2559 1799
3662 9246
4954 9219
4152 9268
2115 3150
6690 9107
9516 7679
6167 5994
5592 474
4220 1746
8177 9045
3566 635
5571 9503
6372 3617
1691 2239
3024 601
389 3037
6199 5342
2255 350
4609 721
3499 7650
9827 9367
5329 5993
5360 7272
2818 9579
5369 994
8623 5286
1629 545
4788 4352
514 2831
2942 9889
9783 3330
2925 5981
5023 1531
2683 9632
2251 6181
3633 2077
5547 8961
8069 7258
2584 886
6836 7952
8231 1811
3238 6211
8707 4377
6915 9220
7207 9856
9108 3342
3186 2032
9322 4560
9914 2004
4191 2164
4537 4176
4240 6435
3136 8660
3693 5720
5897 6880
23 480
5042 3260
6690 3749
7637 3604
2968 1195
9812 8428
4536 2997
6811 210
7556 6725
8565 8099
8888 9453
8626 3128
5888 1761
8139 5932
3832 4036
9163 207
4515 4205
3466 1204
7953 1102
1160 920
8649 971
5699 3184
319 2510
9745 4226
9234 8310
8676 4473
7762 7301
7600 1
5414 5739
2284 5597
6126 1447
5803 640
2003 9269
8195 9955
6722 9354
7226 5370
6676 2925
4906 6994
1786 1002
7572 1019
5663 6247
5491 9777
9900 9443
9777 5313
1533 8413
909 7658
6211 6712
8297 8213
2332 2843
8167 5405
8549 1744
7127 5224
4668 8384
8570 6453
9385 2493
3823 1400
8739 5666
1176 8638
5108 7304
302 2992
5716 1211
649 1926
4274 5297
6490 2957
4491 4656
8361 3039
6400 5487
4615 7419
3870 3184
224 9607
5676 4046
1006 766
6063 8533
5756 7522
5836 6057
513 7904
3619 7513
6181 7892
2809 2671
848 7300
3678 9209
6690 77
1047 1304
3848 1269
839 4071
875 6514
4468 8232
3632 531
6764 9387
8052 2599
1795 4917
502 5414
2429 3035
3305 1590
5705 505
8889 9382
9713 1930
5811 7111
3234 9658
8379 4072
80 5605
6938 899
3836 569
7781 599
6307 2185
9550 4453
7101 6403
9866 9529
9437 9523
1118 1493
27 6358
875 6091
8288 6685
3201 7873
2694 1580
1944 9125
7184 8881
23 7372
5801 4156
4322 8459
6340 3871
2912 3440
6626 9129
9320 2414
8651 6790
3907 8677
3147 4781
4767 7786
7817 4320
5658 510
2251 3954
5986 5786
9186 6008
3157 1339
6515 7479
9797 2854
7701 9060
2645 4326
8189 8317
6740 6839
5106 646
1868 4604
1778 2986
8742 9594
7305 4399
103 9555
4704 2440
5341 3890
8447 4849
5228 1314
8679 1376
4167 6380
436 3164
7057 4976
1480 148
1814 2937
793 3681
3892 8922
6667 2633
8515 323
7032 4969
9878 8087
7408 1570
1976 2207
2770 3555
3520 1449
4931 4038
4180 1718
7201 1236
6693 5032
1384 8506
4320 8528
8539 8212
7450 1557
844 2316
1879 4227
7285 8108
2314 1044
6029 641
3250 8799
4196 6769
6599 5478
7159 778
7195 711
8365 3887
5743 9748
8744 6414
4628 3634
4625 8429
5190 5469
744 3421
6047 4380
1528 8360
5424 3909
9001 5025
9059 9548
8146 5657
5025 5304
2786 8571
6014 1150
8809 8108
7250 7552
4522 8229
7538 5498
6657 9079
966 3752
2499 7013
4484 379
1724 9907
4287 7076
1283 3345
6623 9428
5353 7999
4731 8138
6569 7097
5639 5377
1556 2888
9281 6077
1116 3170
1575 4124
2248 8892
4228 4747
2256 8711
1477 332
4969 2115
7407 6251
5459 382
5679 7163
8380 6761
1652 4949
3857 7290
6677 5413
6530 2309
7841 3997
5478 5767
4473 7726
4659 8700
8824 3266
7410 6652
3597 2378
8766 1004
8628 576
1385 658
7738 6116
7419 9389
7416 7627
3030 4093
3039 9559
2753 7232
9908 8231
2998 4380
2308 4008
3079 1131
7274 6840
7782 7222
5569 2899
4577 548
3474 5961
1206 1211
2077 4976
6951 5844
2602 6332
9936 5641
2243 2689
2872 2150
7271 2221
6529 9578
6229 5959
7060 3502
2798 1193
7075 4718
4091 1652
5265 7564
3964 6470
5126 2392
1445 8428
8236 399
4759 8171
6039 7001
7211 5262
5502 4481
7482 2030
410 3710
4340 7469
3563 3489
5013 638
8206 9103
8641 3471
3018 2604
6292 4495
4996 4089
2922 3231
4487 4033
7753 6877
7385 4964
2138 2887
5796 5971
1268 2558
6033 5608
26 5947
9096 1391
2936 7302
493 1576
7124 9863
4180 3415
4357 9175
3855 3631
2405 8341
7663 6509
5217 5047
1472 3706
7933 3620
9677 5553
6177 2061
1160 2554
8007 6607
3944 943
260 789
2518 7383
651 3049
7150 1359
2223 1004
4989 979
5697 9003
7488 7265
4050 5311
971 8334
5282 6999
3886 1458
9059 1397
4012 3417
8004 4307
4359 8263
5095 3229
1998 2097
6277 5499
9808 4852
2854 1148
2182 8550
151 6021
5815 552
1332 3137
5237 6613
6487 9123
4423 1897
6871 4786
5313 4874
9092 6024
9489 539
9252 7838
8987 1880
3336 8794
3083 6189
6294 5265
1091 6444
1285 3257
6995 8968
6393 2231
1933 9231
7705 2707
1127 4576
7492 6439
5801 2935
8814 1641
9825 4417
9478 5164
6297 9165
309 5731
1706 6602
995 9148
3045 8632
2404 6391
3951 5148
4974 2235
4378 2678
4941 5504
3605 8784
8294 9406
8071 7108
7398 7895
1524 6876
9410 4172
2392 9719
9903 4097
6320 7249
3244 5717
5880 1999
2107 9831
7146 3432
8417 1523
6110 3358
7026 9714
2141 1672
5471 6563
8779 2869
810 6654
6096 219
826 8487
9937 7080
8936 2609
4328 8531
4677 208
530 3135
6390 4027
6567 4806
5550 9028
4515 8927
5093 3008
598 564
9570 5728
9784 379
2382 5879
598 9559
717 6886
6638 6004
5846 965
887 6874
7524 1416
9 265
1794 6575
1423 7343
5602 5937
2622 694
5296 3219
7609 4866
5299 3744
1596 7680
5974 8545
7238 6691
1783 227
9046 7628
1191 9932
4502 5067
7699 862
1683 9493
3788 3105
3187 5741
5394 5808
2786 689
5379 395
1906 677
4138 9854
8356 112
8398 1945
3154 180
2171 2199
4160 9713
8483 5013
4779 6181
5874 6462
5673 6013
5918 8860
1753 1311
1019 4538
8352 6397
4932 6609
7073 5422
6462 5428
1885 1212
3724 1390
7743 5894
9940 8254
5607 8422
3266 6737
955 5491
9550 2979
1503 1820
8190 9607
3130 9209
4145 7833
5605 5428
794 2678
7201 3607
4457 9085
1170 8181
6826 8913
4074 3118
3518 6032
1539 3136
9121 8845
8626 5022
1824 6481
6841 13
2439 6323
5573 6583
507 1178
2011 1300
207 9211
1259 4663
4648 2428
9195 7825
1340 9621
942 4858
5652 8833
7993 1124
7677 2970
6146 5852
5802 2986
2217 8241
5660 7789
1175 6167
5318 3185
7466 5524
8748 8724
6539 9747
7504 5733
7571 8843
5353 4865
52 1005
3697 4396
8480 7725
3718 4625
3577 5871
3963 2145
463 9622
9933 1638
2140 5251
1174 9606
774 6273
4681 7312
6019 2184
9397 9942
7379 4749
4806 3782
2105 8502
4530 585
2578 4599
1561 2506
469 1875
4650 7284
7849 4583
8921 9988
6185 6446
9593 3310
2719 626
6974 8737
9161 6370
8678 6539
1118 9835
6673 3223
8336 1202
159 914
5800 1719
3419 2620
3594 4421
9903 1442
9003 5175
1429 1539
7973 7374
4848 691
4351 1821
5779 3511
4542 809
6402 5660
643 3074
5234 5331
627 5392
2596 2778
3462 6014
5397 3407
6786 1652
1200 5788
3178 8981
7326 1150
6354 8526
8192 7056
6698 323
566 1240
1131 6967
6899 1773
40 8484
7103 666
3875 6050
9795 3688
8416 5192
7095 5201
3195 4646
989 2724
3626 4666
226 6331
9543 4769
3386 6241
5091 3952
7480 6221
7270 730
4346 7310
9213 7800
4327 9439
3850 4122
3126 2265
5665 6572
7465 5211
1218 4805
4286 4843
5823 4511
7526 5365
9280 911
7957 722
1214 5436
6943 8484
6165 7640
2145 5377
5439 6471
1167 5640
6944 645
7904 8960
7216 1721
522 4785
6525 4808
5980 8699
5670 3505
416 1301
4415 8372
2023 5629
3808 5317
464 6324
2956 2608
8053 4746
5430 9219
386 8726
9863 8289
4037 3431
6361 4559
8215 2886
5718 4194
7936 7739
4050 8351
9040 4817
6723 7414
6797 6882
2730 7260
3205 2037
9867 1257
6782 5296
476 7167
373 6690
1808 4410
120 8168
8968 4687
1053 1037
8880 5341
8775 9282
3691 7814
4098 6765
1579 894
3646 4308
4505 6851
6344 4371
8107 9478
6018 4934
6644 6391
1624 8451
800 8095
6619 6119
2781 4023
7155 8013
9363 5929
7294 9406
95 1391
6170 8025
8636 9816
8685 3140
3018 1380
3862 1124
857 6231
2410 7501
2621 4033
5951 9772
2127 8921
2242 1260
2944 9396
9272 8658
1677 6565
8063 8123
4307 585
6147 9294
400 1183
2433 3417
2563 2646
892 3419
8876 3301
919 7849
3685 3222
7620 2164
2142 9862
3423 1437
5609 2694
6447 3637
5610 4509
8111 6268
5093 610
5561 1844
1792 4345
1612 4354
6990 8856
7773 5865
8508 5043
65 2193
4616 7685
708 3110
3898 482
4546 5858
3175 992
9495 5136
1853 3957
1403 3297
4566 6963
5141 6358
1307 3104
711 4648
1959 4835
512 467
9878 577
9011 4493
4613 9718
3954 4862
199 8500
7071 9725
5843 6565
1212 4047
522 2614
7344 1439
9576 8836
7796 7234
1939 4859
1881 250
9693 8744
716 5922
5672 9726
6767 6636
5795 720
1497 2345
5571 8568
8421 7766
1484 9632
1812 8357
2245 5507
9796 8172
4342 3943
1757 2633
8801 3637
2882 4846
8732 9949
767 4404
6026 3885
7391 1820
4605 8888
516 6527
3807 8936
4292 1642
8567 2456
9999 7163
7962 6146
5334 8656
88 3442
7640 5241
7078 521
86 2161
6821 7204
2916 2846
1089 307
1017 2045
9194 1532
4923 9352
6819 9215
993 1737
8022 7343
8899 2335
9840 584
990 6280
4025 8629
1520 7454
5501 7957
9614 2321
5160 2530
1518 2600
2836 2534
4644 8381
417 9567
4084 3587
5133 5076
5323 9506
8771 573
1840 8610
1156 9182
1241 1532
7810 2760
5337 9663
7068 4951
8335 2228
3832 9853
4827 3019
8738 5823
7751 9155
1741 1834
2741 3225
3261 4416
2730 2031
4988 4569
6993 2496
3750 4585
4027 7912
3697 9364
3926 764
666 2260
2991 849
8464 4170
3867 7202
6344 1617
6356 4436
9802 5448
7660 3062
9863 389
1445 1203
1309 4789
3698 1411
9373 7724
5674 3069
3439 9599
3833 456
8210 3175
1304 6674
3696 1522
3875 6391
3138 6582
826 2939
8381 8485
2353 8244
5225 3797
9446 2886
8585 9495
4296 4309
7218 6321
7378 7009
5919 7562
7464 4128
736 5120
801 784
6641 1027
7174 6131
7608 8000
5421 5989
2836 7773
584 8061
1569 6381
7298 6505
5875 7945
7166 9444
4265 4543
2804 183
8456 268
662 5543
1739 7815
6326 8379
8841 9852
861 6449
7851 6282
8789 7038
4054 9372
1450 1975
2104 8747
4831 7978
6691 1996
7421 955
2890 225
7489 1345
6844 8151
3240 4934
5965 9565
3312 1157
5768 4173
7605 3618
6806 2745
656 859
8468 2105
9185 571
7204 4016
8548 3894
6011 2321
1201 5253
8897 8689
6597 2092
3191 6188
7025 5507
2105 336
6664 7872
860 620
7842 4017
3365 8497
4876 1832
6953 4060
8755 508
8075 7302
4402 438
5974 1954
5690 4870
6994 8638
6961 185
4826 3985
5691 6930
673 8706
4801 7884
9326 2642
1901 9042
7490 3128
873 795
7187 5979
1302 1614
3281 2055
8403 5606
4008 4092
476 1002
9081 3788
7538 3906
4125 9580
7187 4797
8286 8340
9032 3963
7333 7284
3004 1175
411 228
1969 3950
6207 9622
1915 5839
8029 317
1444 8388
760 1919
9389 9840
2059 3278
98 6183
9210 3636
7331 7495
1975 6362
7809 9308
3646 812
482 408
1039 8802
4357 7245
4775 2623
3083 2803
2939 879
1191 50
9149 6931
6242 1207
209 6339
7389 9418
6326 1071
3264 8301
3785 1072
3960 3782
8235 793
4189 9273
9594 4898
2870 4368
7520 2304
3523 6811
3182 4713
6860 2331
1643 3101
9889 8203
5791 3630
7620 2117
4700 7235
6769 8484
4658 728
2265 2892
7872 2806
8517 3817
7703 1386
4536 5222
41 8058
2032 3223
2770 5244
1905 4413
8344 8145
2615 4135
1774 6587
2603 2826
173 9371
1309 4831
6450 9926
7722 4321
2731 6238
4489 6785
3975 9024
2006 4016
7082 390
3590 9851
5633 1846
615 328
9990 9582
4462 8116
2520 3416
941 2692
2786 8601
7522 5587
8526 1596
9907 7608
4185 747
4392 4512
9771 2750
4879 6852
3139 8468
3054 5123
6665 21
5450 3006
9602 6264
1121 2121
9679 2061
4812 8817
662 8686
4403 5539
6633 662
3147 817
1408 3890
5328 7530
6639 6558
4381 6129
1377 3787
7603 8041
3807 3053
7399 3408
5668 8519
1880 1698
6932 6691
514 3945
1728 1269
9483 8360
8282 8981
5529 6041
9223 7208
3571 5861
3766 7951
8342 5142
8089 5944
9535 1895
8996 6933
5302 1015
5451 7181
2713 8734
224 9578
2678 8303
7198 8513
6663 5479
7493 8543
1520 3067
5750 1442
8928 5867
9392 7269
1009 7481
9564 543
5727 4912
3827 7381
5926 9277
913 4990
4363 7488
920 7040
5791 8117
5552 8805
9948 9397
7347 7819
2463 3096
9260 7742
8963 5003
1362 6323
8835 926
3217 4562
5837 7043
1942 8114
2671 2854
3104 7033
342 4023
425 6132
8491 5976
4936 8438
1724 8634
6256 539
8081 5515
8280 3395
518 5994
9717 9352
3271 2933
3913 9107
6327 2206
7220 8998
5060 6675
2382 1753
7049 2806
4236 5540
5134 5523
3977 3209
4156 233
3747 2236
2099 8379
5631 2616
4372 1699
1968 7642
984 2232
3100 7310
4438 6671
2659 5849
3346 1393
7601 394
4198 8188
2285 5683
3710 6262
8892 7865
2846 8990
6452 4944
7368 2082
7560 8091
3781 5879
2084 4764
4462 1535
8425 5251
8206 7436
1099 7903
8828 5051
4648 9377
3238 6933
5060 6947
3194 303
1163 6039
9292 7615
982 3012
6048 4893
1102 9828
771 9538
943 1585
1072 5720
6835 9277
3155 4286
7179 1982
5688 8179
1358 8926
5111 2769
2224 8304
3071 9739
694 8715
7353 8027
1726 3400
2920 9179
9580 42
8716 6874
1626 6140
2593 4813
5416 2099
9098 8947
4080 4785
7125 1790
62 8587
910 8638
3242 333
8376 3935
9047 2080
1961 7124
1831 4880
2654 1410
1274 7722
4636 2899
3861 7228
4063 5628
5679 3160
926 9758
4297 4402
7899 710
2988 8809
5699 6229
9141 4074
163 4539
2505 8476
1662 4336
9707 667
2097 980
8388 6732
231 2248
312 4293
4228 5990
3805 5153
2099 8101
9555 9998
5162 2542
5158 861
5123 650
1286 5285
5188 3791
112 3201
4478 9819
3867 6574
798 8607
3306 7380
7206 3617
1673 1433
9606 5477
6586 1704
9929 2492
8053 1442
1385 3210
2302 6507
3859 9940
8144 5398
3730 8255
8598 8207
8073 8817
4780 5223
3775 4437
2602 980
8053 626
2413 7658
2454 5350
5714 8734
4193 3766
176 5577
6976 8829
2084 7186
8768 6579
8936 8849
4833 3885
3407 9258
2701 4539
832 2827
8975 9785
3807 7028
6763 2571
1037 9216
4272 6750
4302 8464
516 829
4040 3843
9657 2475
7380 4777
9053 6315
3625 238
200 7032
9495 9252
1570 6678
2079 6896
6462 2237
3923 9576
4807 1312
8792 9078
8061 9445
7541 4928
273 7932
5122 6281
407 8854
1057 5811
5168 4682
6048 1719
8065 1894
7323 5986
4923 9401
2881 7737
7989 3156
7312 2795
819 2455
1872 5231
1899 5764
159 2171
47 1632
8452 6805
485 9508
2616 2005
541 5015
75 4957
3261 7397
7294 8183
3149 175
5919 1137
9682 3231
283 6852
5685 8506
2082 7584
621 8592
6106 668
224 909
7472 7060
6769 6439
5416 7309
1454 1843
8618 1066
5591 5911
9248 8740
2437 1519
6228 8470
4749 2863
5321 6785
1368 7403
4368 1989
5994 6826
9008 2569
7734 2831
5981 4502
9270 1396
8163 7075
9590 6780
8140 5181
2690 3739
3920 5127
5257 6499
9948 5
5713 5269
6790 7081
2671 7509
5421 5016
686 4428
3937 8420
7258 9917
9273 2879
7664 7435
9953 7254
4214 4444
2434 3256
8183 2705
4734 9791
5555 4681
9796 1268
9949 2937
8348 8971
6797 120
339 7483
899 4275
2254 4508
543 1526
7387 8206
8961 3691
1811 9526
8135 4244
9133 2669
6948 3866
2459 2503
4899 8606
122 1199
7894 8469
170 1043
4940 6860
4877 5838
1134 7130
345 1676
5007 4083
6233 319
7774 8044
9845 2260
8639 8977
1280 5587
9195 90
4441 4093
5048 4562
5291 2941
9382 1812
335 673
8671 5211
6510 6156
8692 3206
4183 3699
7289 416
4017 5062
4811 213
3673 3449
5542 4952
5387 4736
5041 6179
8828 88
7092 470
9381 6473
2282 6067
3497 7304
1278 6
3460 6321
3212 7642
19 500
4409 388
1913 9219
600 5585
2668 2493
6888 4406
7228 8280
585 2407
4720 7676
2877 4100
501 1510
166 3997
8813 7795
355 2272
4116 3566
6266 486
417 674
7225 8681
6245 4177
617 5264
6669 7504
9669 3897
2135 253
2655 6854
4281 1883
7305 1133
3392 3823
5129 8557
1617 1835
7180 2084
5400 3445
2570 2168
471 9794
7200 6715
3970 7816
1978 6991
1671 7998
887 3806
4603 9893
659 8883
1776 7964
15 1519
1786 1495
75 9754
3330 3607
1838 5081
3403 759
3601 3873
6904 800
6939 7226
4968 8916
4216 6638
3266 1454
6795 7868
1346 7454
6750 9473
1769 3116
992 9906
962 7418
9659 4291
1024 7848
5724 4427
8606 5676
4651 1862
6475 1590
9087 7794
6857 9654
784 122
1107 7578
7989 8804
1383 1090
4629 3151
4205 5620
9408 1519
9389 9067
2161 6765
6914 7884
7543 1872
3559 8545
3733 6386
134 9171
4179 6991
8824 4962
3464 6282
8892 1453
1437 274
2542 6065
9777 3099
8036 9184
4617 3777
4602 6777
541 7868
1013 4435
9739 923
2979 9823
7308 9465
8993 7839
6455 4168
9152 6270
449 8043
7722 1885
4669 6616
4302 797
6066 2337
6332 7034
6113 934
162 3005
8801 1174
7439 4891
2097 6770
4713 5756
6234 3705
3594 9040
7872 9098
5309 4672
7140 3031
2908 8160
5998 7209
8956 2063
9546 5288
9096 2010
2573 9257
5015 1373
6783 2453
6263 8879
9222 7327
986 5455
7383 932
846 1606
29 6155
6277 3520
9185 5536
1680 5182
2745 6987
3596 8642
8626 2691
651 1198
8299 2017
8922 5081
4470 1536
311 43
8862 1297
1850 6244
8580 2695
7849 8608
8849 477
8479 4385
6013 6510
5918 5109
3497 9513
3750 8474
8555 752
6024 6854
2769 4945
8286 3590
2833 8597
9984 1694
6245 8185
4290 4824
7232 8490
9783 2432
8967 8261
6817 1331
4771 9086
6439 4619
4951 188
3092 9857
7291 9115
6710 59
412 4996
3648 3244
9944 9984
1289 6188
8168 5578
1011 5399
4068 793
7831 9386
5405 999
716 175
84 7154
4793 1386
3693 4237
1243 983
9703 7952
7394 114
9299 1041
3357 5594
1024 998
1781 5544
6575 9143
942 6994
6287 8772
2731 1692
9770 9798
1866 6206
6951 3011
7591 6995
7247 8833
4330 3301
3137 1723
3415 8787
9115 3123
4381 6491
4120 2513
2034 7047
1656 2975
392 4294
8099 9475
5985 4220
9272 4203
6777 2575
7213 4368
9569 811
9552 3898
4111 9040
5620 3877
7827 1087
3352 8559
7577 3823
1071 9610
869 9078
8936 7613
3372 7034
7087 9356
7606 6358
9910 4382
5284 7122
5101 4853
4284 4653
5102 4747
44 7074
8623 7870
8160 8326
6428 5736
2149 3851
1697 9369
2928 632
6981 2651
7666 419
8359 1623
3129 8268
6004 8412
1742 7457
9616 6025
8461 4718
7123 8504
8143 2098
6374 6302
423 9153
8389 2571
9355 85
1940 8635
716 5272
1285 4733
5691 9643
2707 8819
4263 5063
3582 6004
2519 3198
8380 979
7915 1855
9482 2409
3952 2207
5062 726
7712 3450
3297 3418
9886 1588
2052 6953
3211 3337
8038 5253
9331 744
423 9945
5806 4005
5948 4676
7202 680
5654 1468
2534 1488
3876 2837
46 8937
3562 7757
8738 6858
1175 8623
4797 9578
1927 4360
9266 9964
9612 8597
7060 35
4893 2865
4039 7193
3893 7592
7872 9546
9059 6757
7385 2934
9593 7431
8222 3154
1539 6959
6364 9065
1933 7512
8643 211
1871 7908
175 1483
2856 3586
7869 7749
2802 8259
4941 6694
5850 9164
6240 4908
5920 3624
4193 1864
7406 8766
5017 8945
5724 7732
8009 4008
5244 3003
4218 7114
911 744
4948 118
4329 2816
4218 7131
7426 9158
176 3275
4673 6415
4534 6944
6391 8726
8807 3796
7491 176
9092 9566
7907 3453
9925 3150
6455 495
6616 3717
1238 7915
3835 1919
7083 8052
5401 4508
3562 5576
7783 4586
8343 8668
1530 1085
7394 336
1232 1236
6863 324
7154 4770
3776 3430
4271 6582
3924 7238
299 5162
1505 4133
3432 8587
8536 8832
9446 2097
4407 3580
3035 9101
2248 4564
185 5993
1251 1417
7228 8114
1740 733
9235 1867
4163 9857
8448 8086
7095 8746
9599 8599
9230 3030
3537 7766
1861 2982
6214 2620
6562 9248
8072 5161
163 8257
1153 1414
9673 8380
5879 7764
5465 1465
9630 9627
1321 4429
4064 4767
3175 3663
9717 8756
6692 3253
2873 4905
2587 5439
3876 5500
4686 1947
660 1201
6555 1812
8966 6227
6543 4844
3990 8359
6308 9971
7985 3980
4400 8401
8747 3926
2063 8463
2681 5106
8068 1906
6362 654
7344 6589
2505 2029
4888 3164
9581 1442
1327 8546
7669 4221
3389 8010
2580 6048
4333 6916
28 8732
5316 5126
9009 3730
3588 8041
5188 1655
9946 1549
8660 7289
8138 1164
5670 9377
679 5250
818 2005
3796 4838
2578 3536
2848 1509
5936 3532
8424 2315
8615 92
7440 7623
3821 1027
2015 5360
9034 1961
6909 7693
9249 1398
8857 1270
774 9535
6520 1591
7892 6667
2781 6821
6554 5628
8329 8841
5511 3104
1155 4125
3195 4946
8099 3368
2325 113
8727 1358
2073 1987
5402 7674
3384 610
5295 509
6497 8166
8452 4388
4832 1232
7560 7738
3211 5888
2930 8721
8991 437
2845 8538
5382 943
1905 4058
7407 6983
5415 9480
8970 7169
3505 8705
7778 8799
5566 4274
6965 4017
5013 8148
5248 2572
2237 8458
8459 5167
7178 3802
1955 6374
2339 7336
3668 595
1394 1074
3929 3160
6905 9250
6680 409
7955 4458
5560 3520
5083 8876
3888 96
3375 9135
9019 1964
7592 7478
3482 1121
7631 5436
7494 9969
2771 1161
6915 516
2234 843
28 9139
93 6707
5899 4399
7516 7810
4270 2599
3037 8157
9046 6412
7291 8064
8375 1234
1893 1856
2354 9523
3643 6199
5843 2765
7359 2757
3281 5944
9952 9660
1434 44
2718 3685
794 234
1494 5063
9184 4531
9571 8229
7294 6861
2644 2020
4446 889
227 6799
411 3869
9349 2606
6633 6707
5362 6265
9002 1665
5924 6788
1708 8642
472 2501
5227 8317
3915 4410
9199 3485
8990 6492
6697 7985
4863 1142
8873 5089
4292 5636
8957 3640
8241 1942
6698 9954
8206 5700
1619 482
2487 9678
9123 9310
8531 4349
7626 2445
5110 6825
2282 451
9668 8978
8435 4531
120 7308
9619 763
9295 4928
4403 7535
3221 1100
3840 1426
3151 5458
1907 1989
1488 7381
1298 18
8081 8924
8814 3190
2100 1095
3640 1767
73 8427
6297 6544
2086 2268
3658 1380
3547 8060
8914 6767
5512 9105
4544 8662
915 6451
651 2402
3831 8300
2419 1912
7223 7584
1453 9322
8679 1445
1089 5103
9871 3737
7998 1956
2356 1655
9687 2254
9715 4952
9020 1578
4056 9916
6591 4970
6366 3593
7371 6548
1893 6141
4811 9115
77 2616
4789 8755
4060 2229
209 282
5965 8206
8589 4673
9860 8275
6926 5926
3226 2298
7503 3633
2213 4094
8603 4930
7686 2325
1477 9578
4818 2640
5045 4894
5255 9833
10000 5666
2061 208
5947 4377
8413 887
9049 8272
5513 2327
550 8738
976 8052
8722 3188
8497 7324
8117 2535
6001 5945
8464 818
8584 9860
2063 190
9692 2062
5855 8104
2269 8153
2481 681
9039 7881
5304 4551
6559 5853
9640 7534
257 8362
721 5105
2037 5189
3991 4389
1134 2455
5206 6069
8666 3620
6259 8358
5681 8465
2813 4301
6618 1645
1333 2008
9526 6637
6559 2436
8841 2550
9970 9097
911 7042
554 9300
2231 4544
3688 9716
3350 5246
2136 2016
8865 4746
6725 898
3211 9537
5198 6180
1182 6531
8187 7059
9519 1097
9494 8359
3647 5815
3808 909
2857 4361
208 1439
5256 248
7506 8606
5493 9641
6973 709
739 3697
1606 3949
9585 3156
6480 766
9686 4666
4176 5556
2115 22
3914 5761
2188 4073
6669 5044
4785 3229
2834 41
3476 339
4998 5320
6332 1970
6028 7070
2018 7634
7370 1602
7141 3849
8720 6826
4866 2895
2381 6980
9268 2646
2740 1456
6719 5761
2851 7855
5341 5685
7895 8816
2375 9244
487 8706
7565 6514
5775 9582
499 3144
7536 7639
6992 6255
816 1858
5501 9548
8837 4769
2194 7929
2576 5264
41 5426
3118 5381
7462 7365
548 9837
2960 1034
8542 525
7547 669
6458 4398
3812 3993
2036 7156
6599 9204
5365 2100
8751 553
3220 7296
8481 2147
8911 8521
3924 8381
3901 1386
2097 800
1222 5056
1833 9763
1932 5732
6783 8390
129 595
8734 8516
4102 5333
7719 9466
3784 2822
18 3355
117 4851
1853 5380
3371 5776
3760 3624
7161 5856
4423 8382
911 2608
4497 2843
8339 1279
7584 4819
8225 6317
9686 2326
8001 7405
1791 1784
6578 8161
1490 6694
3011 3342
2073 6381
9118 2184
6356 2630
8039 7131
1012 5302
9738 1860
8144 4428
9490 5727
5598 7715
8395 5283
6392 6396
9039 4535
4531 5616
2695 2373
8662 5705
5714 7086
8437 1183
9270 1145
3813 7308
8275 1176
8961 4364
9387 7104
8791 8876
9182 4388
2942 3929
6022 5686
324 5061
220 1206
676 2914
3578 9337
4970 5644
6423 3406
6826 2044
4550 6990
5703 9176
4517 4664
3539 3903
8119 8681
9131 7301
3068 2072
7581 9090
4109 7904
502 4328
5461 1177
7241 9039
6866 8562
4682 9640
1968 7859
1683 2869
4849 7385
2045 9365
2048 5583
9620 167
4264 8750
3819 3683
7173 7751
9124 1282
5654 9625
5609 7466
7154 9202
6504 4019
7763 7537
3658 6082
5396 5340
8951 6596
9076 995
2312 7476
2929 1931
7642 7192
7032 7812
7227 4205
5562 6350
1838 7567
2327 3798
5032 9480
9351 7888
3498 7114
5424 7155
9547 819
8846 8497
7414 7921
5843 9726
5396 8772
8008 9389
2315 5040
3552 9541
5596 5465
2243 7433
9383 4569
7582 767
4048 6933
8654 3897
4046 4077
7403 9944
1248 6248
8441 5013
520 635
1090 2268
5758 9098
8008 4425
489 7912
317 6084
3376 2559
9868 9111
3479 7449
9877 7526
4381 4882
7774 4778
8958 5176
4722 6557
1423 9514
7922 8295
148 9011
6914 2258
4460 4921
6682 1300
9184 6998
3735 8912
5909 3602
8022 9387
7403 7898
3265 1783
2779 1038
2913 8088
6214 7634
997 7636
3499 8918
2282 9998
4280 9195
2255 5092
468 8936
6391 9651
2286 6478
8562 8194
79 2935
7580 7481
832 844
5616 9962
1882 4880
4402 8095
2513 1750
2082 2363
667 716
2360 1298
6262 967
2741 6729
6254 5484
2732 8539
1961 7645
3084 2039
580 664
5872 7763
7859 7839
4077 6092
2718 8478
4186 1582
227 2620
3944 7245
3335 2655
4894 5948
3621 7635
2677 9875
3118 1760
4765 5078
9404 7849
3468 6335
4864 5691
450 2722
9881 4526
8814 2598
9355 9351
531 5933
1970 4474
9529 1656
3481 4422
7604 7101
2056 6632
3327 1525
4743 8092
2954 498
5940 2774
6833 803
8464 7282
9876 8345
8159 8689
7294 7513
4392 7825
3445 2713
8650 2973
721 2130
3746 4676
5583 2154
1307 5261
3678 2401
3352 2984
2898 5643
5757 9730
2797 572
3363 9025
8916 1521
4065 2562
5385 8456
386 8829
1169 5387
8153 1889
3869 1899
6564 5803
4052 4222
1063 4081
6622 767
7064 5871
2761 2820
5601 1910
3392 5315
934 8659
6836 4998
1220 2220
3454 7957
7401 974
9696 5553
2862 3564
3803 5777
9366 7854
6350 6780
1935 9323
7546 5350
5193 307
8170 793
2216 7913
2460 9501
2923 9295
4498 4143
7866 4303
8451 1618
5276 8146
7171 8137
8061 7325
265 7426
5179 6614
4206 3465
5936 8103
8814 7481
8409 3335
8273 6976
7599 732
6476 522
6378 7326
4664 596
1628 9466
2213 6904
3964 5735
1392 2024
3060 8009
5802 4590
4622 7
4406 6910
4461 9571
4390 9222
2906 9014
6197 504
6098 9025
7377 8827
2702 2040
5774 4329
7858 7987
1232 1821
73 8976
3844 9484
6984 9645
425 7957
6003 4830
1218 464
753 1959
6037 10
973 8585
6865 3422
7609 4242
8600 310
2633 4374
991 490
8712 8574
8662 8784
7549 2506
4620 884
8502 5044
8841 857
6226 6410
7672 6978
8369 3708
6987 5693
2292 3851
5466 6253
4444 4065
2914 7077
8438 3904
7566 7149
8830 2580
2285 2730
1437 6904
3614 9938
1947 8806
7146 4524
5215 4817
1501 9935
4876 4839
5627 7168
5042 1092
9772 9485
5157 2685
6561 9946
2941 479
7095 1770
3058 5731
4499 4494
2634 4464
783 932
3269 4281
5456 4836
5449 3308
4770 325
4499 6749
3844 9540
7840 3615
5376 9348
2651 1937
9294 5591
8767 2740
3712 8176
4822 4563
9021 7455
9026 9803
4738 8647
4083 6545
3482 9532
9853 8251
6208 703
4999 51
242 9191
17 5617
4890 9019
3905 535
962 2671
9626 4673
7198 4447
9235 6218
8253 4613
2373 2991
3259 2807
5887 6740
8690 2091
1342 4897
2793 2693
1299 3034
8235 7667
5003 3124
6686 5259
3659 7647
4282 9636
8671 1479
4083 7906
7697 8687
8870 69
1677 2128
2875 3916
5219 1565
6006 6560
2813 8799
5604 4112
8184 3838
1778 9538
6962 8463
4797 6972
2461 9078
2959 1132
556 7041
9037 8252
5728 4258
4672 3756
6385 3899
7671 1603
5463 3677
4514 8275
8827 118
8738 7010
3955 516
6548 7268
5330 1344
591 7791
6773 3550
8922 7328
6942 4310
1932 9021
8567 6603
2777 1303
501 6799
9257 2315
6827 3770
6942 2005
3887 5679
9015 4194
2546 1914
1461 7876
9609 8404
2018 6381
1953 7291
60 8894
1600 1991
4267 6518
4946 7043
4172 5446
193 3428
4113 3372
7197 1054
5376 7436
3084 742
1629 5630
9007 9441
9857 4967
7844 8226
1347 6148
5516 7759
5042 7115
9749 9308
9984 4694
2702 4155
6492 9246
7582 6956
2617 1130
8009 4345
8565 7444
1438 6545
9425 445
5986 9281
5411 181
7506 3110
6329 3021
868 7722
6487 6968
7029 2822
1662 6082
3328 4505
1679 7261
1460 648
8391 5820
4992 3307
3263 6429
6204 2688
3225 2189
8320 8636
8721 2178
8097 5049
5198 8964
2770 8037
5931 6150
7210 3944
8583 538
4800 262
7798 6259
909 2540
8430 2252
2199 1693
8680 8402
732 1905
6942 5403
6892 5662
7580 4988
711 9130
303 9832
3518 2585
5982 727
2881 4564
1264 7680
1177 5414
3939 2085
7953 2368
688 151
412 9368
8552 7495
7624 5493
2898 867
7507 477
2206 8217
5958 2508
8048 9475
5092 381
202 7972
1297 1465
2004 2473
3230 5942
910 1183
4661 1597
7685 5073
7316 6237
8919 4939
8081 1816
2157 5587
8645 4362
155 4602
6869 4555
4077 8313
4935 4278
2636 2583
2094 4639
5056 5324
6932 5965
2858 7945
3913 542
3017 1229
3130 8287
2519 7563
103 4676
9501 8747
9037 9656
3348 2258
562 7424
6922 1848
8053 5909
4431 147
6900 9486
1822 3831
1802 4679
1775 5714
5220 1143
6942 8350
9430 5813
5912 5884
488 5412
4630 5876
1419 4329
4485 1980
8105 1406
3828 6157
7315 8258
2655 566
4095 4476
4396 2248
5506 2523
7961 726
17 1255
5427 5798
7067 1338
1681 3906
3101 2662
9781 872
3343 618
2851 1447
2023 3030
3955 5689
7639 2962
6254 8085
3789 7002
332 9295
5876 4645
6372 2244
5899 1798
8042 9317
9487 6074
9574 2587
5088 5706
3458 8430
6323 2661
9876 4698
2042 182
386 9681
3143 2992
7765 6932
6345 8097
2578 8572
2741 8949
7167 4991
746 5208
659 232
7634 232
9170 2721
5937 8980
7502 2260
7992 3729
3309 33
3910 46
9713 3405
3037 3830
6688 5733
1926 9265
656 1018
8213 7823
6008 5310
9382 3018
1893 7015
3249 7414
6087 5537
2745 3588
7796 736
3668 7456
7121 7578
7502 3185
982 538
7014 7669
2623 5291
6933 3278
6308 1497
1100 8667
6806 6834
1684 8698
3848 4932
6111 6287
469 5208
6226 4616
5943 9894
2072 3063
3823 9573
6248 4804
6462 9613
8824 5436
4904 2108
5066 7563
3604 2517
6230 6761
9350 4265
1810 9550
5549 4272
5836 2369
9479 8413
6984 1774
8306 5407
4836 2128
1331 7435
3283 4145
3400 8458
5932 8303
565 997
2217 520
3514 8446
3632 2863
9063 5441
8764 4611
6065 951
6979 5543
9364 314
7316 4021
2073 8504
2501 9755
2290 5783
3899 5689
593 6183
343 1157
7179 2560
8029 7044
7357 1660
6259 6419
3453 5022
1029 9517
5973 8007
5059 1688
4673 8727
5708 6745
3582 8208
6499 5871
343 6750
7912 935
2932 8254
8443 6462
7165 6471
3506 4522
4483 9764
7292 7935
1137 8321
7451 7109
2679 8861
5148 7351
3939 856
447 7520
5415 3298
3391 2109
47 7654
9395 9330
2259 7838
5791 9424
660 5648
297 5142
1763 7588
3076 2900
2260 6878
6360 1291
5739 1508
4993 9677
8715 5440
3549 4129
5089 3291
2590 5135
944 1984
816 3202
6173 2958
8977 6833
8606 5625
8326 368
9565 7754
9619 8176
4631 5979
9466 6721
3838 811
2750 2552
6250 6298
3032 1338
9588 5621
2824 531
3957 3639
84 129
2948 5413
3313 1553
1037 7991
8273 6953
5744 7891
5129 6726
221 946
3447 4058
1756 6196
2961 4357
8845 5993
2046 8432
1613 1221
5314 1921
1211 5397
2050 4159
7161 1714
5711 4550
9704 335
1502 5447
4578 2982
8525 1150
3928 1971
5208 5683
4518 4520
6392 3362
512 8437
8145 8477
9658 3458
397 868
5206 8798
5026 2367
512 7089
6916 215
3775 4769
2014 8352
7751 538
9502 8030
8860 1061
64 9729
5580 6455
9442 2444
4892 7586
920 901
7395 7668
8120 2600
6466 9498
1318 6977
2938 4585
3543 6712
9354 5556
1416 3456
2445 917
1485 7656
8329 1548
7384 3908
8003 6825
2703 9246
762 3622
6498 8156
1290 4617
7108 4107
466 8425
1083 3403
3010 977
115 8715
2885 1530
8522 1681
8798 6
9337 7126
7905 6720
7385 2259
9897 6440
7856 658
61 4353
5166 7702
5322 2273
8160 5787
697 5594
5542 58
6571 2008
5124 9455
3537 3645
1135 8686
2 6823
2163 4259
3543 5899
6517 9791
2338 4373
448 8751
5077 5613
2804 6750
4237 964
8889 4934
6557 4430
1343 9479
6437 2819
5285 6325
6463 6420
5010 2817
3242 3524
3427 3136
9422 9943
9278 8112
667 9726
6862 2096
1690 9665
8845 2279
6980 7733
3564 9889
2162 4906
9367 4950
7724 4652
1274 539
7423 2635
9707 7016
6158 3133
152 1932
9427 9429
43 94
5506 6904
8541 3548
2920 7385
5826 9900
1470 9389
6140 9983
646 5506
4933 4722
157 2558
5260 3931
5193 1318
947 7702
4450 7450
9633 3876
6878 9675
321 8736
2930 8861
8635 5850
2598 812
2101 4067
6552 8240
4049 7197
97 5333
8270 6606
7891 3529
536 9435
4846 1482
7136 5647
8931 3121
9523 2161
2795 6195
7248 2077
5056 5882
4278 7653
3045 2730
8071 9596
7321 8471
3144 7417
3804 1414
374 8046
1294 910
3832 2492
8743 967
8138 7674
439 4012
6186 9586
207 3433
1662 5262
5666 5939
9266 8710
5020 7336
8305 2340
5806 7800
6108 5961
9213 6482
4006 507
3743 7837
2998 2485
5156 7487
6510 5594
1499 2695
5179 1705
2479 3192
3318 8144
5482 2583
3205 501
9918 7861
9192 2075
5661 5300
8036 1225
8133 8393
8083 1875
2582 7432
4359 7737
4919 869
9682 6417
9915 1213
4473 8746
756 7790
3241 6238
372 6446
3090 6641
658 2282
8715 6318
3933 3102
3895 2065
1495 1977
3939 428
9409 4649
4516 679
1869 4197
3447 1784
1761 7919
6881 2517
2060 121
5106 8783
2918 8195
5423 3576
476 489
9893 4408
9943 139
6472 7789
2116 6762
8216 7876
1411 2731
8554 3279
3279 2000
1414 5040
9918 8294
3908 1977
4767 9013
7111 7684
7207 2533
1259 7683
9373 1152
8442 9315
1290 4914
3455 9757
8027 1670
7632 9437
4400 6185
2716 7679
4536 481
9070 805
8775 2977
9133 3541
1989 6243
1224 9195
5127 2483
3229 4500
9986 8023
166 7627
9288 3621
3736 7314
5290 7719
6751 6042
3904 5818
3720 4791
6298 9141
5596 1424
2117 4728
4964 457
971 2540
9651 6097
1374 9232
6948 7711
7254 3466
1689 6541
7086 5424
206 8727
3143 6956
1120 3398
2773 1191
4540 5423
331 135
6846 2447
1215 1810
2903 2185
701 8906
4633 2074
4489 7933
6136 8094
1398 7824
986 8483
9600 1191
3561 9094
8147 4681
2491 7271
5871 7030
2693 2554
3517 5891
5000 4731
7700 4255
3267 4752
9512 4251
3177 4000
2183 9312
2093 3580
3487 9430
8414 3086
620 1975
2179 5118
3007 1021
2389 5229
4403 1433
7782 7919
7323 9134
9001 1374
3388 2267
2477 9251
6517 5653
3250 8700
4964 1694
8631 4803
1123 7045
7888 8094
5371 6419
3212 4729
3791 1952
9957 8193
9736 4091
2463 7059
3224 1463
4784 2963
81 7261
2213 2950
9265 1814
8001 4229
9859 6631
5383 981
3675 3270
5426 5397
6040 8637
125 9831
6940 82
4375 6676
4172 6838
86 3747
4652 4869
6709 1085
8481 5273
4034 7746
7086 2034
8326 6944
5016 3708
4276 8691
3329 9701
439 9369
4690 564
5551 7981
6997 9925
4656 1168
6762 4741
1266 7766
5962 4326
8850 4442
9598 2883
8539 3035
1268 6864
9978 6283
6923 605
1325 252
6657 1764
5972 7698
2327 7874
5679 9323
7798 334
6842 912
1427 8107
8677 3740
2432 3878
4533 8381
6760 3072
1415 4379
6287 7744
661 3210
8348 1986
9813 1356
3749 2136
9054 2427
9 1084
8101 7806
1417 4942
8717 9195
9400 3745
2934 8183
7622 7467
2915 733
6890 4329
5111 3176
2072 5772
2737 6771
4109 2549
4478 4209
4684 3531
2987 1044
4614 1087
8850 2383
6028 3918
7929 1779
4015 7215
6313 7988
4681 9227
8721 7922
3555 3831
1097 1978
5954 3834
5100 6414
2734 9577
622 3770
9460 3608
4813 425
4694 14
9159 7073
284 7088
5203 4298
4302 1515
2285 5334
741 7357
9607 647
1188 703
8976 3493
888 4075
9907 9974
4 6880
95 5815
6840 4907
6239 7885
1273 5398
4958 1556
8837 6512
2205 9490
8027 841
1175 5119
8198 781
5766 5737
7835 4741
5581 5075
5168 1839
5048 5171
8719 5142
985 5558
6400 3575
3442 4024
5324 4751
1931 512
7615 4135
1 5641
1328 7527
759 5877
8307 2876
7965 2494
3969 3545
7568 9136
1736 8967
658 454
4108 1642
2363 6859
1568 2156
883 6892
3259 2813
7403 873
3300 3756
2865 979
1282 3623
6855 5941
2851 4819
8434 6819
4715 2353
2306 6450
1319 2963
3255 5426
956 1969
8636 2523
4125 9518
9414 3735
8683 3169
4607 8334
6924 7471
9312 8205
7445 2518
497 295
3688 8930
3465 8402
1282 5770
1204 2600
5084 810
4377 6039
2779 9365
8562 3255
5234 4327
6989 3916
7495 1595
2249 4418
9065 7912
2623 2861
429 3119
9508 4116
8401 2972
8870 6034
5094 6425
4986 177
7234 5714
6216 12
5078 1129
3266 312
5455 254
579 2950
8200 9180
7367 3616
7091 6341
6477 7520
5812 5984
7987 564
8955 3208
6597 400
9632 7934
577 6866
3648 3144
3229 5077
4272 2847
1740 9726
9452 2319
9027 7652
1498 6394
7619 8588
9086 4095
2459 1249
78 446
1812 5385
3653 4761
5784 9637
9046 2712
2854 9045
5855 2434
4122 6478
5280 5861
6204 1084
4531 1582
5087 6028
4327 2705
968 3413
6800 3426
1013 3229
223 9177
8613 228
289 4397
9864 9334
3460 9069
8379 9315
1502 8852
5792 3134
1064 8347
4217 5595
9929 9303
1622 4255
2007 8941
4019 5158
2367 5032
8387 8941
560 6999
9168 848
7747 5383
6533 7559
4451 4911
3225 5953
114 5368
5438 1178
3715 9654
6772 9995
5308 4745
601 3666
3686 972
8824 2404
6003 3562
1344 2914
6912 6864
3761 1011
2246 293
8569 3049
1556 1793
5353 8021
7160 790
9198 7226
443 2321
7220 5750
3418 4173
5767 7103
5144 4590
5858 7498
4503 7201
411 1415
4064 523
2425 2662
7167 993
5710 5074
9137 1062
3095 6296
8203 2292
3522 8645
965 7093
746 4382
7617 2864
7836 2760
7454 3693
6609 8308
893 3371
9722 1309
3893 2146
3970 1060
9490 9679
2485 8626
7092 5579
1274 5294
4223 1147
290 5187
4591 7387
5920 2208
250 3755
1319 4055
7447 7928
2363 4691
1298 2084
2351 1543
582 6320
8954 71
2350 1438
5049 9441
7017 6322
1086 1239
7468 1375
2777 2058
5113 8696
617 5363
8802 1936
9417 2600
6215 1779
3642 7512
215 5993
9054 796
8664 8007
7218 1014
5797 2266
6806 2813
8587 7892
403 2406
5618 9531
816 731
4578 1432
2445 3379
3367 1861
2330 9581
9992 5971
3445 206
8315 8850
1001 6979
3209 8218
7992 9005
6836 4797
8169 1774
9040 4923
4180 1010
4453 4995
8092 9030
2778 536
8760 6145
2396 7441
2077 8739
3411 1873
8944 8078
723 6296
5056 3931
866 9399
9287 7701
547 7455
5826 9587
2377 5
6948 6829
1351 5039
2210 4129
5574 7321
6625 4321
4761 5053
3060 4523
6926 8355
2600 7648
4651 4007
7930 1868
3405 7216
5920 3952
1022 1745
9890 3398
8102 6837
6578 9452
1875 8787
9932 3800
2459 6556
8120 7219
7961 1179
8093 4886
9534 693
8885 536
1051 3166
2403 4456
381 4674
8407 1402
6418 4648
1151 4519
1484 7728
323 9710
2866 254
3509 5324
3162 1628
8894 1122
9159 6986
2359 5044
4030 1243
5579 5081
760 4333
5888 1140
9006 646
8893 1775
5293 43
6294 3128
4122 6616
2837 3339
6869 2697
5014 6382
676 259
7503 9834
7244 6213
1229 7626
3807 3159
9058 4566
7491 4945
2057 2848
5590 949
4623 882
7343 916
4009 7816
3883 3197
1154 7103
5893 2519
3485 2920
2777 7339
9106 6373
3552 334
3998 7358
3493 3055
1924 983
7999 332
183 3588
1281 4805
821 4975
2072 1181
2791 5954
4377 296
9408 6621
2815 2892
9540 1943
231 8645
8315 134
5331 2312
7491 8823
5366 5766
6157 9716
6098 6339
9655 3730
7495 475
8704 9566
8007 7846
1871 2383
4494 1279
5355 3660
4170 1247
5602 752
6243 3917
885 1573
6228 4728
6747 7946
6845 2904
4013 9294
5594 3668
3023 3089
494 8079
9006 8501
2276 877
7235 6769
8507 2590
428 9028
188 6030
9780 6430
9946 7016
4355 2525
8095 1101
6822 4940
4004 835
585 9598
854 3608
9038 1347
8038 8043
6199 313
8919 3434
3434 7425
2375 213
6453 8914
6242 2584
5343 2539
5951 9697
1416 4046
7150 8237
5337 1153
5423 5921
7102 6276
5880 6139
3975 3917
4182 6525
582 9452
9958 367
6877 8684
579 9681
7597 3173
2264 9292
5711 4566
5340 3478
8611 2489
8067 3947
9994 3489
9868 7095
6117 2099
3234 6443
2368 3767
2967 2949
3218 9277
9667 6446
4312 245
6126 1909
3417 4741
7552 5480
5659 2891
8957 4269
5380 3375
4568 5373
3216 787
8819 9332
2885 8404
2126 5252
2170 1444
4552 1740
7072 4218
8185 1384
4463 663
9644 4231
1755 7195
9710 7413
6437 5019
8034 8168
8393 2601
3540 1608
3387 8711
7291 6271
7114 5768
7875 5636
7212 2426
7375 4283
6644 1911
2018 7458
2573 1661
1688 680
5207 7750
4444 1644
9120 2477
9811 7512
5077 9703
5472 4815
8413 9114
1086 1878
4882 5312
7513 2093
7737 4887
2727 732
3150 4745
4541 2074
2757 2581
2753 7964
6682 7197
9607 5801
6025 5769
9664 7454
1823 5135
2268 235
601 9705
2113 5482
5016 5977
3926 9105
864 6652
9836 365
1396 729
2438 505
3309 5191
8468 9990
8739 4426
2142 4763
194 1805
2216 2017
3292 836
8603 3892
540 7067
9373 5556
3044 9650
4660 259
6301 847
623 4049
7927 3060
4553 7587
4602 3020
7576 3340
3797 6069
4455 3990
7874 3022
2358 7517
3857 961
1408 4397
4379 7132
6304 7422
6781 7315
4032 9433
4513 4654
9833 2440
4066 4385
26 8667
3756 3954
2007 7552
22 2813
7894 4247
5834 251
1763 9691
7563 9522
439 1942
3005 6742
5715 6137
4056 9747
5570 8568
752 5402
7359 4817
6139 7385
3484 9894
1338 5490
3798 1359
4654 1691
1958 487
8293 3720
6529 5856
9594 6967
4149 2598
60 6215
8735 467
5961 4304
5387 6713
6057 2745
1529 2195
129 1364
8441 7818
3205 2238
5529 7858
3928 7486
8345 2220
7557 1225
4427 7150
4544 8575
9748 955
4790 8482
1422 7102
9137 3160
166 1545
5904 8047
3740 2385
9410 2180
6554 2615
4417 2082
472 4696
9567 5168
6915 3476
2745 1342
625 7288
6268 372
8242 7409
5205 6015
863 693
9174 1028
2238 1430
9074 5977
3814 4836
4508 367
7450 8924
8801 4273
3619 4719
5793 6885
8194 4889
4578 8819
8528 846
5542 6769
4606 747
9136 5468
7791 4661
6496 28
6090 1921
2356 9903
6756 6863
6622 557
2138 5422
4830 2108
140 6974
8993 4686
1862 3570
3504 389
767 5397
3509 5373
6143 8996
7192 286
3657 3687
313 9746
1960 2669
6001 8715
9531 8974
9272 8021
747 453
128 886
3778 5472
1923 1991
5394 5426
2379 6160
823 2239
7884 3317
1235 1428
3602 1243
5114 267
988 3425
2935 3340
2140 8817
2313 7763
3189 3059
4567 3317
297 8344
8788 2219
334 4181
3997 9064
6693 1171
7654 928
839 5240
2355 793
6482 3821
1059 3822
7245 345
7161 9384
5513 5826
3498 8702
8884 8064
2018 5532
6407 7157
7751 3092
7690 8099
2155 734
9269 6161
1661 6459
1400 368
7251 4234
4188 4661
8055 7784
5005 1567
3520 518
7392 7017
5571 2628
5081 3940
8159 7839
1096 2261
931 5137
6711 9437
5870 5979
1949 3883
8790 3349
4250 6040
7582 4789
701 1988
2572 2057
3554 6091
8926 946
9460 4496
9925 4540
8435 8083
8730 5883
6696 6012
1019 3406
1801 3241
5737 3749
7123 4526
7097 7724
6917 1030
8864 3969
3017 7787
6026 6571
3878 4951
3868 9689
5799 3792
4228 4233
8226 9309
115 4921
5321 7486
4679 7121
726 415
869 4200
4940 4318
1923 8208
5347 7138
2177 4716
4924 8202
7638 5153
9504 7857
4841 5302
1648 5420
9535 6225
4729 6001
7498 49
3486 2176
3521 4211
2590 741
8410 3881
5058 6684
8440 6757
173 616
1472 5097
5169 9109
249 1025
6965 5090
6326 4964
6861 2212
7540 1589
4565 5037
7989 8050
3564 1509
8613 2505
8602 3374
6385 3659
6410 4825
415 6582
1792 8238
1678 6961
3698 8279
7985 662
9720 662
1977 6580
9226 9517
8169 3790
905 6157
8191 4469
4018 6803
6973 2619
177 9710
2629 6586
886 9396
9519 2677
7633 1197
5989 1331
9475 325
8344 9194
987 6673
5773 6564
6189 293
353 3445
2802 8543
7913 3171
1698 4886
2141 1874
4595 4769
4811 1832
516 4329
4508 4501
1877 6849
2183 7703
7173 526
6896 4511
3550 9021
1074 9738
5665 1426
3183 8466
6321 7447
1636 8018
2332 3776
6243 3278
4897 7405
5109 5412
8085 5969
9912 9962
2817 2094
7664 9989
8972 912
852 2521
6284 1925
8611 1948
9703 8145
414 2375
5591 8401
6744 4275
8529 2986
3904 3425
6742 9013
8836 4826
1333 5100
4787 4149
3545 8803
489 2516
6066 1340
1389 2349
9617 9999
4296 9319
8143 1061
8045 85
5814 4788
4359 4342
7773 8263
7766 866
3627 2953
5691 4959
4404 6830
5459 7949
5632 2299
6816 1697
3639 8204
397 9607
4554 1044
5277 2696
2105 3321
9133 4270
8108 3491
8611 2232
1753 2728
3097 1731
2032 8787
6689 6436
1968 2147
736 3951
4446 7551
5647 4436
5755 2395
394 6660
3439 5670
9356 1895
8990 8488
6164 3449
8330 1126
5680 6435
3853 5128
8165 5884
266 1206
8671 2234
3352 9406
6184 4149
6957 8183
4936 9063
577 5329
5722 367
7350 1429
2261 6339
6268 8424
6139 950
5901 8170
7384 9753
3297 5548
1989 9915
6753 659
8500 6457
65 4683
6957 3373
9217 8245
8787 6146
9925 860
6512 7275
2289 8773
9965 4908
3548 6104
5857 9449
625 9592
9201 3922
1492 7541
188 4596
4552 8687
1052 4616
9721 4361
4340 8938
8957 9478
5083 8881
337 1594
2507 8977
6718 8824
3885 266
4927 6093
9714 1903
2037 5266
2176 3528
9159 2363
8123 3710
1049 5527
4677 770
9887 9016
6059 5195
8493 1141
4075 5181
9086 2934
4158 5804
1757 4394
2421 3035
6838 2134
4937 8874
3751 7113
2401 2909
5827 524
6618 6876
6050 1294
3997 2288
6661 55
7482 1505
7547 7908
6686 2984
7193 7195
5139 8949
1588 7559
1983 4777
6044 3272
3651 9795
6736 2403
9055 2562
2926 2025
5789 5327
3318 9785
3966 6331
6191 1447
4187 89
5707 7224
9425 2899
4418 4563
8200 2357
2122 182
7134 8165
9805 7136
4311 6540
9538 3366
9102 2464
5390 4890
4142 5059
1027 8108
7741 3569
5906 1928
3658 7964
9151 3082
863 3569
3996 5414
2277 6117
1947 9410
634 1752
6545 4944
8291 6083
4661 3744
4898 50
4986 5391
1461 2364
9850 9201
5932 5756
7480 5941
71 2983
5374 7285
2903 9370
2698 5179
1838 4645
4589 2471
6396 7485
3767 1038
9919 8427
1134 1168
4829 2471
6559 2641
4834 6408
8193 765
8515 5673
6706 8586
8655 8431
2222 1557
7800 4920
6735 5990
9564 7675
8460 2311
1512 2226
9700 7782
7005 833
8950 1833
3303 1860
825 4488
4619 9017
5253 3134
4689 8310
8071 9695
6740 292
7603 892
1563 690
6881 7478
4716 1692
9788 6227
270 5840
4009 7274
6672 9310
5458 6327
1169 6282
7166 5787
1650 2418
5272 6339
7079 3342
2385 171
9986 9988
1062 7900
677 4294
5378 5392
5985 5165
7971 6254
1004 8331
9879 4028
7640 1688
6706 5160
7969 3871
946 9619
2641 6218
2309 9719
5911 1045
9889 2248
1032 7302
148 8060
1595 1877
3452 7580
3393 7774
185 749
6104 64
4776 3743
1751 7833
5254 6072
8055 6199
2042 7047
8768 702
3118 1031
1746 3006
9630 2778
6660 6129
7189 8254
8005 640
2185 1398
8413 2370
2146 868
8785 3273
962 6887
1105 6215
9310 5511
2414 1351
2558 7533
8404 5675
8563 150
5032 8193
9279 1691
4321 6467
6297 2326
3459 8481
75 8223
7202 2220
9091 5986
5492 52
9225 2948
6267 8534
4810 5032
9885 3719
2564 8288
5745 7479
4789 777
2023 4067
8819 2695
6886 5115
1372 344
9948 1446
4918 3501
3665 4008
9487 5508
412 5063
8455 6678
3596 3265
8061 9832
3335 6976
4472 9080
4454 9260
6208 2828
9679 5026
5523 2916
6493 6894
3259 2792
4692 8176
6292 8356
8536 2130
216 8947
7192 8670
1976 7140
8286 36
6971 7973
3363 1442
7052 4169
7054 3259
6996 3084
4636 2518
5999 7480
5764 5609
271 455
136 2915
5162 8671
5044 5377
3969 8588
399 5944
5727 5036
2331 9049
3008 5694
6843 59
9862 3896
9669 3209
6979 4305
2079 2977
1784 7842
8585 8407
4648 5072
1321 6161
3743 2716
1538 7711
1303 8288
7 3381
3323 2337
2430 2683
4382 9272
9093 4243
9519 8762
3804 6497
9418 5882
5825 7553
3723 761
5959 4722
5832 3631
882 5926
6347 8771
3637 4001
3410 9995
3734 3085
2331 2515
5767 6713
1786 4859
7307 7656
9972 1110
504 9389
3343 6328
6942 3417
3440 9252
8138 5623
9235 5372
7901 1933
4142 7889
5933 7552
7883 6018
636 213
8532 2754
3277 6669
7612 6936
4324 3936
4397 4827
3324 7740
7506 6617
1156 945
2221 9294
2920 1455
4665 820
3387 5158
8708 5671
9061 2942
1689 6048
3154 220
8801 2783
3241 2765
9718 7564
6700 4114
2391 6375
8205 9896
9344 9361
7193 1564
5006 6464
3018 9670
3635 2756
1179 8694
8426 240
1635 6466
6287 1140
3038 1440
3922 6278
4204 9991
3841 903
457 6231
3629 8661
2479 2972
8021 6023
4535 3026
2486 3904
9047 6120
6659 6578
1165 5085
3169 2799
7902 9455
3938 939
7246 7860
7216 1449
4202 1057
8703 4658
3639 2332
9671 2469
1655 4043
8491 2542
3421 7328
6445 2467
9799 3104
5396 963
4540 8564
3761 2441
8019 4051
9732 1616
8262 6947
3065 2463
4355 8119
3473 7994
450 3143
6814 8457
7185 1657
998 605
8984 7442
9424 5135
6897 4819
2449 7788
3383 2562
6581 7753
6612 6312
9368 4873
3258 8784
3687 7613
6903 3511
1958 3704
6653 5123
2160 190
6779 3157
7146 2115
6951 2921
7249 199
4092 6049
7987 3826
8610 4567
1578 1573
7230 7297
2797 487
2433 6484
4451 9335
9994 2760
9390 2999
7883 1550
9540 4661
1058 3037
3127 4360
2310 6727
4559 6401
2776 2545
226 7737
3463 8155
9310 692
1803 2106
7530 4235
4941 1981
9921 1287
4740 9311
637 8974
860 176
9987 8269
9564 3113
2629 1873
9840 7187
4625 8967
6083 4850
6703 9545
9356 6012
6588 7511
4470 4117
1745 9410
6097 1666
696 7189
7328 1332
2514 4539
7859 2500
2807 3775
5613 1787
5647 1804
8973 272
770 5055
1473 7472
951 7181
9836 7538
4691 4305
1655 2787
3714 4103
804 762
7643 8131
8445 6509
2669 6304
9008 5476
78 972
3614 2076
2775 2587
8699 9896
3993 6524
7368 1296
3704 3555
8833 4746
7859 6839
7532 1572
7294 4688
8685 1288
2818 7130
7796 5487
9785 3156
7314 6214
4127 927
8289 3254
9865 3340
3149 210
9863 6868
1505 9918
422 6689
1015 8280
9880 4898
6204 3525
9585 4888
4812 8755
8369 8960
593 8153
2115 7906
4366 6241
5184 9007
5846 1401
2346 8995
1610 8560
2214 9466
4829 8988
2506 2195
7267 2385
7092 9822
5909 3029
1062 721
1783 9430
6032 2375
7583 8146
6632 8300
738 1815
7306 6584
9567 6003
1930 7528
914 495
6993 5742
9482 9499
4288 3101
8235 1380
2922 4144
4408 335
1216 2542
9765 7247
4916 3699
1744 1547
1998 2481
9713 5656
5416 5632
1658 3697
3159 2572
4192 6504
4665 25
6002 5305
3125 588
6684 2399
4731 7443
2733 2298
9984 8849
5896 1251
2547 7639
9149 897
6472 8861
6552 1887
4492 4561
1936 4003
7132 6127
506 8149
6151 2859
3453 5628
3446 6488
8026 4529
282 7110
6826 6617
5959 2722
7867 8505
6712 7015
9401 3183
2227 2304
1422 3071
6865 3357
7073 348
5835 7578
8496 8337
436 8300
3964 3881
1139 8341
4761 1420
5451 1587
8036 1409
660 2254
9913 7371
5620 5666
554 7847
7969 1975
917 1185
5331 4341
1533 7517
1918 6380
5853 8705
4680 9817
2585 5818
4509 7346
3590 9959
5284 7977
1367 5943
6583 7632
3313 2202
9649 218
6400 3969
2192 3668
5154 3874
8008 6686
1390 6277
3065 7243
4981 4096
3411 7566
6266 4271
1263 6207
4230 2898
4183 1948
8840 765
5931 8504
9319 5579
8722 5718
5900 7265
5738 1053
1139 97
4090 8880
6374 3506
2474 1354
7602 2236
5271 219
6507 2885
6425 736
5782 6959
9035 973
7724 4966
9477 3394
544 4550
5463 6443
1814 1200
3847 9304
7649 4288
8184 4022
7794 657
5375 1747
2893 646
1965 9399
9882 4741
6486 5664
1699 5520
6636 5774
485 2464
5519 7381
3365 982
3823 5179
8533 4022
4482 6181
8309 9017
202 6102
9674 1929
4200 8918
8926 2516
4668 8807
7256 1153
4470 5307
6672 7458
7432 3509
6273 2951
889 9638
284 1063
1168 8816
1436 2001
1349 9745
1018 7902
2198 7043
6182 6398
5960 5107
5265 627
3914 8873
8131 4735
4179 1154
8544 7962
4662 1169
912 1902
806 7547
9317 1973
2715 752
325 4063
496 1342
8316 9046
8384 4498
1795 4343
5956 7059
1321 6221
5931 9451
956 6461
605 5851
4423 5266
7019 1686
3520 4176
9233 2836
2500 1947
3587 2825
2361 435
4166 7028
9480 8902
1525 1274
9596 7481
4684 917
3701 6967
367 1008
3427 7323
3211 4201
8941 6581
5887 2460
757 1471
5295 9608
9769 5233
2432 8481
5667 2950
5508 1498
8203 7033
2771 7798
865 3807
8714 917
773 5433
1925 4199
9107 5135
4752 8047
8067 638
506 8823
8460 2152
4783 4580
7385 3566
3060 9403
2867 8567
901 1069
1951 23
8867 2815
3829 3932
3732 953
5716 2008
1504 4823
3494 6255
9221 1560
3244 6079
6735 1703
8230 1517
6282 1966
1434 5693
7721 4301
4259 8621
5369 2562
8643 587
5376 8824
871 5459
9776 6586
3818 1279
7760 7311
7533 6981
5223 776
3059 1957
8830 7640
9825 5111
5958 1258
7155 3678
5558 1414
2298 7279
3975 7292
4217 5702
6115 5087
7513 2243
8025 7682
3521 5784
4993 7406
9116 6567
4533 8526
8523 3363
6166 4699
4825 8475
5956 1980
2152 7866
9745 801
1496 3719
8092 5712
5772 559
7151 9636
2801 5175
7318 2673
7310 8662
78 6426
5228 4611
4951 3750
4325 7468
4800 9149
5942 7107
1128 8093
4972 872
5245 2819
942 3337
4883 3066
247 2033
2701 3047
7207 18
2071 4516
5031 2149
7293 258
3111 2244
359 7435
6063 5158
2935 2005
2265 4063
6449 3588
1286 8046
6407 8580
1382 7641
1645 7980
9673 697
1026 3231
715 9448
4098 2097
7948 1391
2355 1058
9986 2713
4844 6048
4223 7779
4404 6487
8193 7205
74 5830
5250 2832
4409 2983
472 6053
962 6496
6750 8339
9726 3816
7786 176
5912 5734
1566 4618
3143 7903
3683 4339
3950 7905
8469 4706
4391 6661
8262 816
2490 3511
10000 3251
2845 471
5655 158
3319 2404
8496 9396
2571 2633
9571 4835
4718 7488
9452 4213
5390 9486
8551 5692
7390 7019
397 1780
31 8658
8948 8872
8520 8947
2122 7716
5769 7777
7873 9087
6532 6368
4835 5455
5352 4405
289 70
1893 6092
4282 3634
5578 9184
9325 2967
2554 9721
1099 8936
4730 46
7807 9601
8992 6281
7316 4760
4057 5188
199 6940
7907 5033
2394 3259
5789 9034
9680 7681
1478 313
1315 7055
9496 6991
6373 8401
3064 7471
7336 7793
3868 5142
3746 9211
1422 1061
3971 1830
2601 521
5122 507
5553 7515
117 1341
2901 9796
5374 4378
108 3040
1432 5955
30 4156
4355 3093
7979 1690
7238 1846
3184 983
1057 957
8395 1379
9139 7347
8251 4260
4206 3803
8126 4322
1495 1026
470 3220
5403 6929
6259 3186
9236 2641
7342 3590
2085 1672
1632 5674
9869 4815
3008 7277
5771 1403
8655 4909
5101 6905
5520 9306
7059 3646
9980 4906
4671 449
8125 6426
3729 4384
9611 2964
3376 3304
2906 5460
4975 4537
1134 4844
9351 4141
2120 1473
1895 7127
2734 6996
383 8253
2653 7442
1898 2632
2347 6569
9432 6823
2994 3161
7558 8956
2476 933
2260 5381
2745 3586
9917 230
8429 5619
722 6901
7092 2617
4027 6177
5964 761
4429 8616
4554 6327
7600 3252
9247 7031
75 8592
6543 7632
3899 5371
8565 6158
751 7661
6096 7020
7890 4524
2638 8611
7776 6081
7579 8154
2257 9894
8915 3038
8510 3468
9364 2461
6720 4962
5843 6794
9905 2386
777 155
4108 5693
2665 4858
3353 8760
1877 1242
9635 867
6205 7411
6947 3783
5564 5556
3677 830
8593 8538
4298 4308
7350 7369
5621 3192
514 1877
1929 1290
2031 6036
6983 4695
7246 335
3454 5474
7929 3089
6340 485
6851 9639
619 2414
5194 647
9596 3786
5536 245
4445 2885
7613 65
6077 8126
1941 8005
5767 3971
393 2749
8666 7638
9436 8471
3111 3716
1559 9451
4200 8409
5441 1170
7175 634
1817 6770
771 7352
3366 1567
237 978
1631 2665
5455 9923
7021 7573
245 7413
322 8910
1402 6109
7381 4513
6176 5291
315 6727
52 5755
7896 7226
2740 9712
347 9862
3416 3712
1428 4
1041 9410
2668 2847
9332 9688
419 9576
3453 7092
4838 4854
9552 8570
5718 5727
212 2384
2453 263
4490 349
3840 7229
6412 4186
3442 9827
4249 1221
6182 5289
630 8849
8135 6313
4889 4906
2241 4693
1997 7078
5898 1549
1999 1616
7275 2210
351 6080
2473 4841
2780 6312
8421 9191
6850 1863
5370 1098
3083 7903
2739 65
6752 7225
6377 7992
2130 8617
2684 479
2046 4933
8379 4044
6548 2005
2606 6899
8084 1430
8091 863
4093 6511
6406 942
4725 8127
8392 7808
6029 1130
4224 9132
4706 600
7123 3188
5569 6158
3666 7614
1091 2044
8010 3990
4048 615
7240 8484
2044 1682
9346 6136
8193 2103
3430 2917
229 1821
7076 2610
9302 1299
1741 359
1899 8864
3546 3819
1373 7211
1432 8815
5606 9441
9157 6006
55 2748
4489 8450
4430 186
4586 2622
2289 8015
1890 8869
6187 8966
1478 1840
6616 3219
2198 4866
8434 5744
8684 6158
9306 116
4973 4912
5908 481
7269 2315
3228 1757
764 4009
8294 1701
2982 582
6067 4872
9451 2253
189 7280
4092 6804
498 6290
8022 5283
8385 6705
1441 7690
3172 2765
8953 9080
3245 6221
1394 2824
4329 8509
3185 2623
210 6166
9556 6276
1037 5358
4881 7577
2638 5324
4381 9487
7965 8754
4770 6349
5458 6210
4039 4982
5326 2991
4061 4922
5564 1806
4097 9892
6666 7281
8866 3227
3447 8422
9503 835
3779 735
8412 6416
6058 9144
5903 4023
7897 7024
371 3354
3233 761
4687 4910
104 8747
9831 5667
6904 279
1910 9922
7560 776
3148 1006
9197 9002
8192 2975
9736 6603
5743 5794
5746 1645
6168 3642
8668 2890
3348 8252
3651 8034
9513 3754
3133 5695
5772 6388
5973 7681
6309 3532
4808 5809
889 4004
4810 9081
3331 4546
2035 9073
6691 7781
7069 9210
7774 2088
2099 7473
6691 2101
1859 6203
5854 1343
1897 7977
7730 4221
2010 391
4105 6817
6199 1345
7173 7360
6777 6855
1905 8812
2279 4947
2944 9347
4156 717
7786 2607
4542 4476
4707 6400
7030 6913
7742 8926
4889 1823
9498 6898
8565 3602
67 1115
4947 7239
8475 1723
445 6731
534 2723
8030 3477
8421 2185
546 6206
1143 5087
7033 5850
7838 4062
2762 5579
9339 4002
3753 8836
7252 2318
2438 7318
3432 3736
908 8258
5458 1352
4989 2344
4074 3018
2172 2494
1554 2717
5051 2697
4155 2083
4898 1992
6144 4011
3922 1834
8012 4027
669 5263
6344 9458
8932 6127
3193 9839
4385 8651
7542 5725
994 1615
5094 3165
460 6647
2234 5510
5695 2740
3944 592
4732 6439
954 5005
8272 8966
9031 8941
580 1726
8398 9512
7853 1591
5702 8589
6593 3244
665 3938
1210 5758
3454 1670
2404 5687
3531 4451
8427 3827
5042 9510
265 5996
866 8537
1313 9897
3829 8244
7974 8578
7755 2178
6520 9809
766 3112
3052 1430
3401 4261
3539 6855
2282 5943
2541 2165
393 7319
2343 1786
6828 2607
4133 7694
7495 5445
3942 1323
3689 8267
9901 7795
445 2772
7603 7562
5884 7006
5344 9284
7619 8882
6138 6252
4824 5031
4768 1568
2349 7110
3354 5529
9717 3838
9574 3563
5635 9867
1238 9323
8133 1138
3469 8577
261 7424
6139 6144
4429 7834
1780 8399
6715 4269
4651 7891
5651 9418
9458 4352
6528 9163
9880 2596
3001 5805
6158 4987
5671 7395
661 3803
4884 4129
8732 5145
1552 1222
7640 2333
9055 5771
731 5769
6392 5381
3659 2042
1151 9469
6393 7678
4983 2624
6625 7983
8428 9134
9321 4098
2881 9981
4253 4116
4110 2984
5612 2013
4205 3252
697 9611
5374 1428
5379 1765
3160 5390
3807 4310
4858 6551
8339 9840
9175 1315
4175 7602
449 3495
8052 9681
3476 8656
3796 3937
7991 9408
5949 2195
9011 6646
8157 4384
4425 3535
2501 7584
5276 2659
8246 133
9209 2936
6325 8383
4251 6851
2337 1051
345 6740
731 172
5395 878
4108 3385
285 6409
1931 5647
9406 87
6383 182
9973 8883
7765 5249
1541 2362
1733 749
5298 8057
5484 5900
4907 4172
6950 1604
911 4032
8127 2657
4909 8587
2393 1546
4995 4323
7192 752
761 3574
933 7085
2456 5049
2333 348
3763 418
7449 5412
4826 9284
1311 6085
3455 4612
7688 717
8643 5814
3373 9903
752 5765
1448 2098
6439 8640
2849 3551
8565 133
635 7373
5182 9320
7720 5296
9737 1520
707 4562
803 2017
646 609
6628 4685
1325 1622
6851 1049
1524 7602
6813 9324
9700 9603
4315 8900
3153 2879
9033 140
6603 566
9459 675
5861 5547
2194 2919
6460 9349
4935 7106
9957 7914
8142 1282
5887 1344
2330 3762
8946 5495
3085 4997
1449 3751
3896 954
2982 9280
1093 9584
6197 6903
258 8409
2449 8804
1327 8908
8152 2613
2365 8108
526 6859
5741 2764
8202 4423
6526 3499
9917 5962
8495 1365
9713 8743
2318 2694
4374 9762
8629 571
6664 8887
8979 9112
4042 306
4372 8545
2918 3088
6652 9796
9946 8745
2559 8148
3167 5436
7998 3083
7750 6493
799 7462
1587 9469
6507 5960
9230 5135
6530 5894
373 5509
1357 766
2166 5728
9310 1435
8816 2314
7582 5113
1058 6493
9612 576
1928 7610
10 6029
4102 808
3490 2040
276 6348
7999 5858
7835 4529
1751 4559
6389 9459
5325 4906
5187 4634
6340 354
3299 274
1818 4356
6766 1430
4931 5045
9039 1292
1074 9492
2100 915
7883 8727
7263 5881
4584 1449
409 2686
6007 3149
2145 1331
8054 3683
2317 746
388 5615
1019 2205
9971 4136
9986 1253
9180 5376
2545 253
1219 996
1168 9101
6074 4782
4982 7010
6230 1742
9695 2236
1243 8191
9919 5648
8225 2235
6393 8612
7849 3763
7169 4171
7898 7154
1776 3430
8882 672
3682 100
1667 1201
9201 4092
2334 534
1101 8563
8627 7148
7151 9869
1690 7069
5517 9915
9303 8261
4878 3503
8376 2046
7674 6273
5552 9449
6054 4433
6472 9736
884 8138
7288 6436
2229 9622
3321 9682
8184 1948
6829 1686
1816 8518
8754 3684
4784 4408
8297 9662
7911 6672
8059 5584
9296 3610
1384 5350
4394 7855
1437 1630
2344 8724
8065 924
8345 7738
605 2881
9685 3785
918 7852
2303 9672
1536 7086
4079 9832
3099 8341
2855 1158
3924 2150
1119 1659
7499 1865
5865 8935
3494 8208
4011 7910
5484 8707
5647 6088
7939 1683
9873 8857
9535 8527
8528 7422
1964 8958
3605 5063
7299 6459
2572 7574
8608 42
5585 2459
1906 1449
1393 1751
6009 1755
6013 1492
462 8011
7579 8400
9694 3803
7256 9228
8681 2135
6649 6997
7445 6605
8411 1095
3063 982
5020 1670
1023 604
4128 9281
2053 1873
1031 8061
3627 3395
5904 440
1406 9834
8840 1099
3637 2447
6678 8669
934 9678
5665 8378
6282 4075
5824 9344
1408 843
7365 8783
1447 7845
8063 9851
6069 5445
7911 9695
8840 166
135 6597
9999 5326
7695 9987
7772 724
8656 5057
6753 4320
9786 3034
4747 5609
8729 6154
6452 2445
1288 7898
289 9350
4100 6357
1147 2010
2404 9986
8527 8890
2934 8525
567 6980
8512 4690
7703 7167
9747 4455
7838 9532
3840 8936
5141 2568
1442 1592
1364 2729
5841 1653
2079 9940
4361 9577
8301 3116
5914 6827
8357 8847
1703 8923
5826 214
3613 9880
3732 3359
4334 1570
9242 4525
505 4382
7092 8298
2325 8455
1027 4517
6459 9457
808 7172
9033 5460
287 4946
8638 4996
3792 341
3918 5969
554 3882
5848 4286
3592 6533
2207 2834
1057 9063
3567 8148
7361 5892
2954 4739
6760 5765
4195 3920
9288 9579
9379 9574
4524 4369
921 4667
4709 4839
635 1614
5072 2834
2251 8664
9366 809
7849 422
9872 1415
4921 3584
3658 4226
8322 418
6342 2516
4337 5629
2094 67
1555 2969
4435 2475
3987 9143
3665 973
7109 8737
3806 9359
3752 9523
6520 1600
9944 6391
3014 1216
6326 6672
5441 4647
3441 1783
3514 7777
7411 1959
7843 8965
1279 2278
7792 5265
7772 1456
6237 1232
6544 6394
6943 295
5916 3462
1894 5859
6204 4908
7074 2529
7931 8866
7175 1371
7000 7040
9147 4411
8998 3341
9727 276
1970 7518
1892 6094
5326 4480
7325 1869
873 619
2164 6788
4080 4057
8998 283
5316 2423
2811 9598
1288 6337
968 8288
3376 6466
9050 8725
9807 5128
5352 8128
8998 7243
573 4323
1722 7898
2543 2594
8516 4706
5733 8948
5115 4730
9230 6782
7152 8393
6380 4792
4729 3699
9431 4457
165 8480
3181 6323
9959 8533
4450 8956
2127 5023
9630 3849
9272 2173
2794 4139
3230 4879
9438 4696
9608 8668
7830 3112
7060 4209
7903 8140
7907 7333
2596 4423
2164 5777
745 2122
661 1547
7430 2787
2921 7059
2987 8544
5583 2133
2682 8813
7011 8472
3508 2970
7139 7689
6081 550
1897 335
5041 6156
4019 7637
578 6182
9765 7675
4656 6777
9221 2085
9563 2141
9143 8902
684 4726
1034 9717
9890 4396
8188 9749
7365 1678
7438 9798
8579 5686
132 3620
1841 4151
7608 8771
332 7372
6445 4987
500 5665
3423 62
4157 2566
5315 4840
3643 2700
4556 3532
7095 9096
9632 812
7125 7069
609 5704
2755 740
9323 947
4890 3282
9717 1574
7005 2513
2912 7504
8177 6335
7565 2333
5252 9232
3524 8894
1931 4432
8777 9026
9879 4760
6189 7003
1829 6797
2706 935
7536 8380
1881 8778
1661 7950
351 8665
6814 9614
6168 1343
5948 85
27 1199
9316 3551
6444 1246
4334 1572
6623 4212
6332 2811
1214 4512
5959 3920
5446 3495
2299 3678
2272 312
7979 8974
8976 1145
8587 1496
2487 887
1580 2513
8437 895
2415 4881
8492 6748
2804 1467
7311 5487
629 8525
9998 6588
8796 1795
6434 7446
1825 5057
7757 6155
4030 6733
7299 8968
8228 6137
9854 6159
5002 8291
7053 7416
9523 1896
516 8678
9714 7826
4165 6695
2702 514
9634 1497
8661 6067
8943 6837
1123 6699
9343 1504
9783 2994
6823 4362
9130 6677
520 4131
1319 3924
7899 841
5820 4766
9518 1885
2591 34
8579 1645
6900 8212
3141 1912
630 2083
8748 1752
8782 8090
9607 4916
1083 6430
9278 6565
9458 9797
7047 776
3721 1297
7968 5892
6062 3837
4128 5005
3871 2707
6649 7122
7270 9789
9033 7900
8224 7780
6003 3357
2221 1962
8272 9656
8391 7549
2572 7848
3698 9618
4975 7418
915 2942
9661 3328
6778 3788
8332 7000
2846 4980
4121 116
1121 3153
4367 9344
7284 369
2700 9505
8682 971
5512 7072
4872 8083
1271 8569
7700 2597
2338 4966
5538 8350
8294 2316
8489 6625
5667 1335
7957 9788
7802 9077
2940 8520
8420 224
8888 7471
6080 3922
8441 1591
993 9664
9673 8616
8232 3724
7564 6921
8690 3102
5270 3335
1769 3759
6311 7435
1445 4267
3574 9246
9695 6514
7765 4466
3089 3004
1936 5520
3277 6729
3462 622
6392 9486
9237 976
3209 6800
7896 8250
6253 9518
1584 4373
9628 7895
1808 1072
8513 5381
6669 8208
8246 785
2673 7686
140 4609
9557 3417
7689 3018
4038 4080
2503 9626
5055 5712
2777 9303
313 5382
5172 8249
9754 4799
2495 7913
2222 1007
9646 8890
9214 4243
6026 8239
1929 6165
9199 1485
5933 6887
4503 9970
966 3357
5947 2373
9068 8724
8027 5733
457 3198
3981 210
7996 6475
8123 217
7481 4120
5458 3047
8362 7835
1285 290
3999 6835
8127 6284
3721 8981
2605 4686
2337 8552
3410 7757
3627 1436
3489 4083
4633 3821
644 8980
295 8766
5548 4127
2885 7357
7173 7599
5191 4809
4240 5542
1643 2366
1825 1715
7698 4429
6401 35
9332 6162
7791 2958
7598 7631
3392 8582
1451 4036
7562 8097
9153 9461
2223 8390
6818 5748
5988 2008
6908 227
7549 4903
8945 9373
6617 6642
154 9369
6676 9485
5531 818
8795 9480
4800 2186
8061 2602
2573 1974
698 1726
7787 2921
6467 4604
5020 2454
2963 1927
9032 512
6829 7976
6236 3446
4618 2741
9166 1293
2226 4696
8463 7372
527 3262
5909 8588
5864 8482
6913 2913
6559 4699
5833 3025
5654 852
5478 8617
9131 4509
5480 5959
8837 8067
5756 3454
808 4922
1098 9385
5969 9560
6756 6496
9174 2664
1435 1389
7497 4699
4301 4055
5750 6486
3431 1403
3689 8908
6371 2819
9769 1850
5130 8605
9917 885
8410 724
2158 9507
6460 4479
5419 3215
974 944
2230 8760
8684 6079
3458 2984
6485 5559
5821 9916
6962 9510
5175 3332
8680 1295
1534 3809
6251 1450
1046 4660
8525 9555
519 4984
4033 5937
4550 1358
3232 3131
6469 1915
5561 6279
1250 2046
1837 7071
1961 8798
2932 7135
8482 7963
4782 15
8124 1032
7816 5521
5692 2692
5075 2562
4027 5460
4850 8576
3169 8081
8058 9638
6347 3619
5916 7596
2016 4104
1018 328
2902 301
7462 7735
8264 8595
4101 6387
9627 1916
1907 1670
4607 3333
4231 8633
8792 9080
3560 1961
3512 7969
7950 9858
7939 3865
3805 9954
7968 4823
281 7221
5123 4095
1307 9738
2689 5407
2476 8667
7322 734
336 8280
4067 918
3264 9210
6349 6823
1170 9860
1144 9119
6069 9082
9335 9874
5388 3655
1048 5668
875 2522
6114 8534
2260 5155
3940 4735
3821 7614
5469 509
2245 5887
1426 5509
5096 7775
8683 2618
3986 9826
1736 55
8908 7423
9928 4295
1077 975
6314 8303
3496 2428
6836 2107
3934 776
3194 7754
4741 5014
4614 6985
900 6040
2493 5995
166 1176
8612 503
1001 6700
557 6260
4122 6836
554 1550
7810 3220
9852 7658
1999 6688
6116 5932
3815 9309
37 8555
4322 4651
5539 1573
7042 4384
7568 3559
5559 2531
4061 2911
5582 4618
9171 6055
7805 6076
7604 1967
5647 7456
9624 7645
495 5739
9928 661
1400 6317
9215 5721
7319 1105
7294 712
1840 1213
4270 3750
95 4682
6661 5677
9299 2183
1731 3456
4610 5687
5422 257
9494 5045
4253 9988
7135 533
7000 8534
6849 6214
607 4167
3670 7900
4878 5510
5464 5499
9259 5558
180 2271
7586 5831
4453 5669
9286 5415
1355 4707
5671 7200
6103 6275
3539 3237
6807 538
8123 7
3103 8729
4173 6772
2980 5402
8633 8443
900 4244
352 1080
6514 7938
3262 7319
3606 2547
2733 1312
7253 4755
8511 3355
1029 8401
2943 4188
8938 1065
4194 2040
9793 4719
5163 2772
120 3796
1214 7372
8039 1566
4803 904
5855 8064
8222 5812
610 954
7123 4214
2060 1985
7568 3089
385 510
7276 5674
1575 7821
7713 7719
2539 2875
491 9011
3022 8056
6382 7412
5973 1184
8316 1827
9247 2889
3990 6208
3843 7464
421 5902
9448 7988
5342 6184
4849 8969
1857 2775
6790 5921
494 5680
5148 7336
4690 8169
5391 7423
1933 7716
8606 248
5894 4204
3136 9884
6763 3330
7347 7183
5584 3147
1522 7277
9330 2723
6246 7539
5497 9387
3459 2342
1418 8606
9677 2460
3127 1420
9882 5059
9135 4840
1658 1380
5395 4793
1263 2158
4475 4962
5692 6410
8108 3566
3686 3789
6288 6283
1327 8136
5669 1138
478 3439
6095 154
5898 9221
1573 5779
4279 7059
6970 2288
8439 2365
7081 6053
4522 7907
1014 6565
4316 5473
130 4353
9262 6417
636 6940
4553 2656
4429 5030
6094 524
1535 8343
9744 9460
4122 375
6518 7443
2662 1308
9807 6094
3713 680
4000 1078
7245 4667
6551 7374
9020 2164
143 6007
5455 1047
8662 9884
6076 1108
407 3962
9450 6502
3421 9923
6876 6291
7366 5890
3950 3524
1983 7662
4204 2335
5092 7800
3353 1642
5173 8724
157 1667
4730 1963
2713 9744
8198 5140
851 4956
9102 6652
1458 8874
6575 4685
5164 292
574 5466
3815 2557
3127 8018
1243 8218
5817 4595
6211 7342
3319 2719
9008 4400
1034 8073
4143 9231
3212 4993
4187 8665
1645 1996
7539 4571
6680 2702
4862 7254
8167 8676
6162 7646
3046 7404
2215 5214
1998 4778
2555 1668
3848 7915
6068 1233
5987 6562
464 5550
7907 1002
4215 9551
2997 1753
473 9676
806 5334
3281 5325
361 9442
9322 3406
3197 7888
8620 1547
2665 7526
3214 2865
5440 5633
4097 7778
2195 912
9680 101
1913 3894
6003 1261
1998 2827
937 2803
8160 569
4479 4872
6363 3800
8278 9559
1688 3249
1105 704
774 671
9920 2566
6303 4017
6695 4849
4928 6374
1301 3193
6619 3655
4453 8616
6481 1741
7771 992
2310 2249
5864 8672
6049 493
4582 4088
93 5687
4791 866
6357 4711
9783 9011
5079 6478
212 6358
9203 1512
9550 5822
1519 355
4437 4351
2095 2207
5343 756
808 7558
5779 6856
4402 361
943 4494
2399 2085
1711 8755
3147 7846
4117 8225
675 4328
4583 9877
2192 4132
5698 3710
838 6487
4412 2933
5045 6106
40 5852
3663 5819
9059 4416
2531 6353
5261 4929
8438 6972
35 1584
1169 503
6161 1843
4831 743
1719 3374
1226 3769
3435 2064
6607 7846
1348 1651
3952 1387
3855 3966
3557 9265
4734 2439
5618 9994
3719 407
3317 3753
1990 4485
608 4502
6327 1790
5244 8046
5163 2822
8166 8597
1237 4772
2794 2584
2774 6745
322 6628
7063 3879
5893 1796
6317 7862
8141 36
8268 1458
140 6609
5942 7099
1111 2269
8888 2706
6666 4050
5527 4831
8998 6763
5954 1792
5698 8727
4888 6020
1707 1950
9898 7599
97 2566
5460 8238
8953 79
9695 5445
6687 1988
2543 7797
4256 1431
503 7273
1832 2381
8455 830
9144 4408
2621 1193
3135 3860
7212 4841
2162 3461
8791 2258
6027 602
6847 1331
680 2893
6775 7366
4881 9318
1515 5488
7100 2017
2761 8931
749 1215
9760 6244
5623 8732
7437 5109
8944 4648
9949 1105
8109 8739
9714 487
9340 6561
1817 6371
9453 8592
88 4333
4261 1602
6173 1360
9970 8933
290 719
6499 6402
6962 8473
1485 750
3581 428
5398 9881
1532 9858
8619 1246
344 4310
4158 2160
7032 3610
7103 7120
4295 1363
8721 467
2722 5043
5751 9364
5761 8601
2117 9074
7074 3601
9824 7006
4029 1573
6887 1912
1430 1857
9509 8125
2519 3666
284 9550
7276 3739
3021 7922
5101 1742
4740 4175
3136 490
9890 8896
5442 2006
4321 8867
1958 496
5873 5986
2068 9111
4250 9849
967 3758
7973 9837
7424 4609
5739 1051
8347 8759
8972 3447
500 3711
3973 9987
552 3862
8882 5993
2219 9555
1212 4177
50 7084
6514 8470
2546 763
8318 3512
873 2643
9701 4648
7251 5439
5698 5597
4197 1021
5395 1049
1083 9368
1035 7986
9581 6269
330 8152
5823 1541
2328 2224
4976 5193
7045 7521
2308 1715
7385 3180
4357 7085
7827 1607
2523 9876
3555 3071
7248 8949
4119 4682
4668 1506
9019 601
7774 9348
8752 9948
7241 7431
8523 2216
2623 5568
9737 4930
7282 3473
4461 7990
557 8639
9596 9431
8514 3150
8853 2113
8450 9324
3146 3118
829 2164
3718 4954
7864 8821
1253 5104
2603 6127
3671 5225
1694 9759
6507 5327
3231 967
3316 139
9606 9263
5921 4471
8764 4774
2936 7214
449 6081
331 1277
4597 400
2582 2460
5572 3834
3915 8174
9960 3937
9750 8006
3696 6256
9684 3278
3575 9352
3417 9532
4966 5689
354 3730
6814 3289
943 7262
5722 7625
4890 6670
4376 3823
5481 9947
4008 5747
8120 320
9683 7869
4677 3378
477 4360
6656 4051
63 6424
9934 5029
2112 287
8758 5278
9928 6052
2539 2001
3676 3781
8670 8051
7603 502
4349 1611
6248 2468
1930 5930
6688 6606
9308 3516
7317 2315
3918 7380
5090 3851
2408 3553
490 7517
8830 417
3568 7721
8769 7243
1501 7438
1645 5455
7939 5993
3417 538
4812 1698
6467 7851
4655 2126
1367 1972
4440 1636
5703 9529
5487 4462
3082 2328
1978 8263
2744 1897
5983 1512
5491 3835
5301 3487
9290 9591
9479 2706
128 642
4404 2946
4844 9058
5072 2562
7381 9511
4198 3083
5392 6036
3896 4825
8363 2225
3087 7458
4121 9070
5321 5963
2904 621
9449 8545
6563 5279
1251 3042
5920 2006
5987 764
1063 1058
9677 4796
6921 3874
7878 2312
9909 8126
3488 8271
350 6574
2080 823
1995 7400
6785 1251
4372 2586
6147 934
7864 7397
327 136
9402 6314
7251 6817
3723 6927
1612 643
801 5841
9306 7061
318 9145
1684 668
2071 3763
7842 417
1163 4626
1667 5534
3563 4166
2820 1427
1562 3146
1562 7316
5811 8812
484 9534
5738 8447
6528 2890
4287 2186
9951 4605
7682 1634
1624 9752
1748 9465
169 2910
442 8187
4796 357
2352 7615
1783 266
7112 9696
7581 2923
8507 4416
8808 596
2862 1687
9838 7148
224 6140
8104 7906
4125 6079
7657 5872
1895 4177
8782 8689
2364 9929
9045 1067
7543 827
1332 4654
6874 5264
3928 5380
9679 2735
2327 2540
774 8516
6040 997
4655 495
8902 8779
6574 2911
4651 4820
7087 9784
3508 5802
9712 2552
6869 3606
9730 8200
8259 6603
3464 8539
8334 3142
1273 7013
2034 2046
5528 8073
9395 183
8567 8296
8961 5140
7558 9963
9960 4645
9746 9819
446 5809
8723 7314
9414 8452
1866 4025
1407 5329
2563 6092
4822 3835
3104 6855
2233 4984
4927 7979
5166 9846
6274 478
4985 184
441 1296
4828 6538
1115 1625
2347 6189
8939 1760
4640 7156
2136 2398
2484 4698
8490 3657
4885 7945
512 7117
9280 1790
1447 797
1635 7720
1275 2972
4255 8067
619 9082
956 8085
707 3302
4273 5997
1414 5265
9504 3549
7662 8339
4599 2503
1995 9483
6800 8858
2951 6079
7000 4397
6876 8634
8468 4502
7957 2723
8920 8576
8156 9875
3012 8862
9529 7285
1210 942
2549 7065
842 6562
5403 5440
9065 7398
4922 2216
2607 4224
4646 9606
8620 1521
4592 7088
2374 2548
9810 1293
7475 7965
7520 487
3179 7048
4123 740
4341 6671
7805 5182
9584 9559
6974 8648
6956 8247
7215 9563
2471 1861
9168 7442
9733 111
4529 2107
2659 690
9751 6485
5007 7270
3323 4537
669 7445
1628 5009
467 5784
6543 51
5343 3516
5050 2298
8114 2265
8212 6936
477 3732
4378 209
3842 5258
2315 2852
2300 8418
5689 7306
2039 9011
8194 2708
2808 9821
7716 9626
5605 4258
6028 7299
4125 1078
5948 8591
9694 4160
1878 170
4243 6255
378 8084
7865 9045
7288 164
3814 2976
7469 5852
1986 2014
8559 1145
1834 2627
771 3790
3236 6798
7440 3713
4227 3388
2303 3920
3899 4180
441 8141
6787 819
6224 4651
6215 3511
4814 28
2838 8634
2231 4824
6999 790
2320 8832
9768 3090
8974 3003
6240 6413
6715 466
6152 5369
738 50
5901 1178
8190 2687
8348 766
3689 914
628 4854
7293 3466
9839 9524
4641 6837
6665 6960
2020 6432
6402 993
5786 2641
3758 2501
9458 9909
4221 6547
6311 121
4077 4500
2807 2424
5265 2847
9690 2245
7700 6982
5710 7538
2857 350
4374 9521
3661 6394
2304 62
3738 8090
9054 3847
6942 8512
108 1162
1410 6418
1283 5486
917 441
4262 2534
9640 3951
4778 7339
7284 6839
1229 141
7188 5602
6013 848
8347 8317
7262 8437
6406 6315
2283 9699
1178 2390
860 2588
8807 8494
8073 6076
5287 8686
4961 4926
8988 6090
8616 6272
2928 9844
2764 6467
5446 8776
3666 144
7092 927
8580 9849
7242 863
9547 8419
9604 6759
7358 4763
5252 5431
7190 538
468 2150
1815 9456
4591 431
2079 7518
274 4842
336 2071
3617 4001
2215 7061
4928 794
6909 2169
8008 2808
6939 7612
9566 4297
2374 1169
6079 9563
8059 6546
8064 9873
6001 2654
6655 8079
6523 6929
2920 6858
5351 2889
858 7565
9949 5785
4711 3209
4305 2718
2368 1244
6681 1933
5540 9054
9454 1618
4968 7512
8163 3031
7384 516
2036 4039
4946 8558
7319 7866
5415 2669
7106 6273
6586 3406
8409 1296
2966 2714
4013 5334
3957 694
3618 5848
6099 3071
7465 1067
582 1979
449 4318
2494 2485
4708 7440
7394 8378
1657 9161
1046 5114
1785 7631
8519 193
5278 1484
9258 9291
3169 3214
6336 3139
9061 8786
6209 2877
6204 3143
4856 3005
3812 3701
1841 8519
7492 9234
6896 5500
8394 4293
613 178
1924 9131
6723 7201
6967 5980
2843 6487
5546 5530
9625 958
668 2186
3835 6871
5328 5042
6227 9139
5094 8067
4009 2586
7301 904
8085 2046
5196 8698
8576 3471
4180 5298
7024 7498
7629 6218
3985 3174
8100 9961
4132 5119
2146 4318
1989 7473
9359 8216
2963 804
2634 6971
3389 9934
4226 7826
8332 5774
6523 6907
5596 7054
8556 2619
904 6184
5189 4888
9358 9640
1200 3489
4758 3346
4158 3098
7170 3516
7665 133
671 299
7103 4060
232 7681
1885 4915
3454 4759
1821 9049
8164 376
8020 9067
2912 3208
306 2269
9199 1506
2109 3956
1203 6266
7053 8372
6133 4718
8504 6803
5016 1959
7214 1599
9639 5450
2866 3092
208 4686
8492 4724
1414 6511
142 677
6070 448
2945 5268
8305 5053
9223 9507
7670 2628
7878 3802
3697 2734
6956 5064
4692 4170
6662 682
9619 5879
125 6179
6917 8616
7254 8330
1479 7395
5358 7548
7842 8302
2816 2498
9706 2038
2004 7375
1017 6234
7528 4713
8967 835
9776 10
5004 2790
7043 975
8668 7167
3505 5584
2134 758
265 3612
8152 5622
1160 2346
3923 327
4843 9980
8716 3199
3706 9733
9432 7585
4445 4750
8420 4221
4759 9775
3362 8153
749 2029
5319 4253
7613 3804
1362 7877
3768 9514
9851 1279
8211 125
1605 3053
105 320
6251 162
52 2034
7747 849
6783 6166
1421 1541
5940 4782
9693 3041
6810 1363
3645 774
1519 5007
5003 5286
4520 4853
6564 9082
1329 4520
2134 1433
4839 4737
1595 1243
6770 5693
8443 3553
1858 9863
1445 4149
996 7490
7189 4157
8852 834
4931 370
2192 6285
2007 3063
7489 4922
2144 8817
9441 4277
6602 632
5365 4548
8226 2135
240 3020
2039 8449
9234 3483
2597 229
972 6138
4385 6176
3323 5667
2897 5514
8303 1256
8576 5791
6177 719
4608 1970
1347 1209
8953 6712
5756 3530
5198 2347
6549 3588
795 5782
3422 9743
2362 746
5880 3098
6921 5554
8765 6169
1067 7067
7424 9642
9210 9953
6712 3817
8274 4411
1377 7226
1122 3484
7107 2671
5830 7
2610 2976
2140 6031
2718 4501
3128 4950
7598 48
503 2714
2569 7922
6133 6344
7563 5342
6296 627
5510 4569
5037 3238
8146 2510
6721 1604
1532 8902
1610 4141
8229 3749
6523 946
4601 9651
2247 8551
6050 9102
7616 4970
7023 3748
1314 937
5441 7609
1563 7302
8530 6599
539 3027
5460 3611
4631 6991
8864 2592
7483 7092
6341 4006
4390 941
8 6636
5843 2409
5737 3459
7379 2759
3558 8692
3696 8999
2652 1610
2652 7533
4561 9543
560 20
3153 1542
7011 2017
4133 845
9108 6825
4850 3497
4118 1209
6485 9960
3618 2221
3418 996
1332 6976
9687 1379
2326 8690
2988 4977
6223 3900
4519 3134
3920 4024
4675 7282
6040 5159
8126 1499
1984 9328
4996 6101
536 7832
2412 505
52 2182
1500 7735
9157 7538
9113 7834
6228 8453
9162 8802
2352 33
1935 6271
4056 6609
9904 6447
8119 8030
4297 102
3709 5644
2554 596
3475 1318
1101 3527
3499 2600
1261 9007
6490 6726
6840 2717
5178 2353
7870 3881
2385 9804
6504 2792
2764 6407
5590 882
788 9887
7336 4496
5530 6241
5092 9005
7558 6192
8883 7408
5143 6495
6414 1632
3220 9605
700 4749
1958 8569
4982 694
4724 1485
9838 7487
7891 5427
4721 5031
1665 8408
9526 7195
4648 969
2551 8558
3512 1433
5965 8655
7927 2379
6638 7499
8335 3690
2247 292
8610 3580
7338 3334
5064 7175
7172 9307
8953 8244
4337 618
6651 3862
4164 1299
1183 6714
9856 4694
8146 2172
9700 6072
902 6338
9922 9237
27 8521
5880 4988
2100 3217
8321 7164
6743 1845
6470 5696
88 7158
6313 3091
7371 476
4389 8553
7189 596
3247 1686
9119 2946
4109 21
5635 4031
9257 2013
2551 5136
7001 4650
8353 1673
8165 5095
9869 986
7142 6309
8143 9806
9399 5514
6633 3787
4066 3821
734 3664
1858 9852
2962 5967
9872 8596
6349 5480
6961 8899
616 3961
9900 5320
1985 8065
414 1854
9050 3908
8162 3545
3713 7560
9058 346
7698 3123
518 4783
3139 2376
4634 6100
4694 858
1047 1042
6337 8007
6292 3304
1967 6191
8623 304
607 5389
2157 6009
9296 6670
9553 3008
581 8610
3353 8278
8084 223
9412 1222
2598 397
3673 3643
1254 4720
4684 3943
2726 7327
7246 1045
3517 2221
1348 476
7609 9856
2836 6904
2877 8740
6263 3457
7349 5968
8086 1784
6190 7497
9358 5139
7893 9382
8781 5499
4101 3464
5793 3179
790 9390
4223 658
1610 1922
7485 9218
8129 320
2473 1005
9059 5088
813 2759
1055 8898
895 7244
6394 6604
2382 638
5985 7514
6136 86
7329 1928
9616 8118
1318 190
5127 9279
2111 8964
4849 239
5635 3673
7595 1046
8760 8407
156 9814
3656 1050
3409 6401
4005 2142
7038 9990
9655 9526
6427 6983
7805 6042
1452 5474
6231 2931
4753 4693
1894 9601
1283 3880
3273 8877
4925 8385
3635 5081
8198 7290
2482 7959
3690 6487
6452 7079
6476 6107
6604 9254
9441 4409
5295 7245
9882 7877
175 4634
2569 8420
586 3851
2299 211
9079 7224
8595 2713
2304 3144
6354 1137
7454 6395
7623 3906
3473 4098
12 77
3351 5804
4485 4997
3048 4366
2873 3222
5352 1793
7993 2289
1995 292
2499 1073
3867 7445
137 6170
589 2842
3658 4394
9236 1281
8299 2709
1730 4662
2785 1433
466 3621
6429 9865
4338 5654
9439 6041
7446 7431
8330 9441
7722 7180
6865 1588
4625 7002
4109 1565
9843 7767
5958 5431
5399 609
8139 7128
5270 7275
8560 2087
895 4989
1952 1584
6994 1390
7625 4439
5172 2306
231 2894
9485 7096
833 461
449 1294
8377 6643
5412 4335
8425 810
1295 6563
7937 6564
189 2849
8651 7435
4189 6954
9019 1182
4695 2995
1972 9866
5300 8555
9111 4784
2002 9944
1597 2450
7589 9973
5444 3000
659 3869
161 1953
6783 8097
4869 6972
7297 9871
4406 1485
6824 9776
2666 1518
2770 990
7735 4421
9544 6846
5557 1545
3141 7153
346 729
7125 2141
3728 4136
2361 3888
6088 9144
8336 956
2467 1985
7178 3224
3469 4001
3000 2487
1870 2121
3476 9605
6542 9371
2802 2098
915 5942
5602 7612
6670 9078
9752 6749
3213 2113
6988 9301
7608 1675
6608 74
3659 3786
9649 7128
4138 2648
5966 2360
1121 5793
8316 7662
5163 1117
6111 2429
7058 1712
40 3727
789 6143
6827 4002
4607 3814
9654 2214
5488 2613
8639 5499
2750 8288
8978 3240
7287 4943
5599 8407
735 3914
2420 2249
1382 8530
4677 8439
241 1068
8517 7382
7210 5343
7735 8169
5508 3740
382 7347
6352 5373
2845 5454
3660 1822
8693 7298
3116 643
5705 202
908 8124
2450 2289
6654 3478
727 3246
897 5595
6979 4459
937 4713
2627 2796
8452 9360
142 1156
4732 2987
2961 4743
1160 8005
2041 628
8647 4097
7181 5906
2220 5983
4546 5225
9460 5272
4823 6709
7218 8153
1167 4506
2866 3793
7301 7669
3152 7442
5176 4236
6780 8136
5330 4292
6140 7370
1271 1138
7818 8451
3395 38
4433 7940
1614 245
9563 2788
6953 6780
941 8119
1285 158
1911 8585
7826 1414
2379 9354
2001 9158
7489 7331
9801 9981
1052 1071
7470 8870
9522 865
5259 3954
5156 3224
4198 4719
6012 1150
1498 3304
5620 9135
3461 3882
4071 1286
5296 6449
6991 3648
1959 832
7330 1759
812 8382
2830 4633
3603 2351
1849 5213
2656 7005
8436 3206
1723 799
4355 9572
4102 6327
